#twotheta, yobs, ycal, bkg, diff
2.200000e+001,8.638444e+003,8.830278e+003,8.813961e+003,-1.918333e+002
2.201000e+001,8.572690e+003,8.824697e+003,8.808153e+003,-2.520078e+002
2.202000e+001,8.710228e+003,8.819126e+003,8.802349e+003,-1.088971e+002
2.203000e+001,8.627265e+003,8.813563e+003,8.796548e+003,-1.862981e+002
2.204000e+001,8.509896e+003,8.808009e+003,8.790750e+003,-2.981133e+002
2.205000e+001,8.778407e+003,8.802464e+003,8.784955e+003,-2.405681e+001
2.206000e+001,8.687491e+003,8.796929e+003,8.779164e+003,-1.094374e+002
2.207000e+001,8.691423e+003,8.791403e+003,8.773377e+003,-9.997982e+001
2.208000e+001,8.769156e+003,8.785887e+003,8.767593e+003,-1.673030e+001
2.209000e+001,8.660152e+003,8.780380e+003,8.761812e+003,-1.202282e+002
2.210000e+001,8.466992e+003,8.774885e+003,8.756035e+003,-3.078923e+002
2.211000e+001,8.639974e+003,8.769399e+003,8.750261e+003,-1.294255e+002
2.212000e+001,8.718865e+003,8.763924e+003,8.744490e+003,-4.505908e+001
2.213000e+001,8.771591e+003,8.758460e+003,8.738723e+003,1.313034e+001
2.214000e+001,8.654930e+003,8.753008e+003,8.732960e+003,-9.807817e+001
2.215000e+001,8.666146e+003,8.747567e+003,8.727199e+003,-8.142131e+001
2.216000e+001,8.397855e+003,8.742138e+003,8.721442e+003,-3.442821e+002
2.217000e+001,8.509530e+003,8.736720e+003,8.715689e+003,-2.271902e+002
2.218000e+001,8.543167e+003,8.731316e+003,8.709939e+003,-1.881489e+002
2.219000e+001,8.700404e+003,8.725924e+003,8.704192e+003,-2.551977e+001
2.220000e+001,8.540134e+003,8.720545e+003,8.698449e+003,-1.804117e+002
2.221000e+001,8.628932e+003,8.715180e+003,8.692709e+003,-8.624884e+001
2.222000e+001,8.582720e+003,8.709829e+003,8.686973e+003,-1.271097e+002
2.223000e+001,8.608830e+003,8.704493e+003,8.681240e+003,-9.566266e+001
2.224000e+001,8.657131e+003,8.699171e+003,8.675511e+003,-4.204008e+001
2.225000e+001,8.723376e+003,8.693865e+003,8.669784e+003,2.951148e+001
2.226000e+001,8.683205e+003,8.688574e+003,8.664062e+003,-5.368793e+000
2.227000e+001,8.713022e+003,8.683300e+003,8.658342e+003,2.972188e+001
2.228000e+001,8.857292e+003,8.678042e+003,8.652626e+003,1.792498e+002
2.229000e+001,8.653310e+003,8.672802e+003,8.646914e+003,-1.949276e+001
2.230000e+001,8.572790e+003,8.667581e+003,8.641205e+003,-9.479059e+001
2.231000e+001,8.504349e+003,8.662378e+003,8.635499e+003,-1.580290e+002
2.232000e+001,8.448666e+003,8.657194e+003,8.629797e+003,-2.085280e+002
2.233000e+001,8.559216e+003,8.652031e+003,8.624098e+003,-9.281486e+001
2.234000e+001,8.573701e+003,8.646888e+003,8.618403e+003,-7.318706e+001
2.235000e+001,8.565992e+003,8.641768e+003,8.612711e+003,-7.577544e+001
2.236000e+001,8.607730e+003,8.636670e+003,8.607022e+003,-2.893918e+001
2.237000e+001,8.643882e+003,8.631595e+003,8.601337e+003,1.228648e+001
2.238000e+001,8.658104e+003,8.626546e+003,8.595655e+003,3.155898e+001
2.239000e+001,8.748420e+003,8.621521e+003,8.589977e+003,1.268985e+002
2.240000e+001,8.532237e+003,8.616524e+003,8.584302e+003,-8.428662e+001
2.241000e+001,8.565671e+003,8.611554e+003,8.578630e+003,-4.588352e+001
2.242000e+001,8.565309e+003,8.606614e+003,8.572962e+003,-4.130552e+001
2.243000e+001,8.386327e+003,8.601704e+003,8.567297e+003,-2.153773e+002
2.244000e+001,8.755660e+003,8.596827e+003,8.561636e+003,1.588336e+002
2.245000e+001,8.464180e+003,8.591982e+003,8.555978e+003,-1.278027e+002
2.246000e+001,8.464603e+003,8.587173e+003,8.550324e+003,-1.225699e+002
2.247000e+001,8.486941e+003,8.582401e+003,8.544673e+003,-9.545998e+001
2.248000e+001,8.615609e+003,8.577668e+003,8.539025e+003,3.794116e+001
2.249000e+001,8.608766e+003,8.572976e+003,8.533381e+003,3.578958e+001
2.250000e+001,8.523898e+003,8.568327e+003,8.527740e+003,-4.442853e+001
2.251000e+001,8.486329e+003,8.563723e+003,8.522102e+003,-7.739422e+001
2.252000e+001,8.311586e+003,8.559168e+003,8.516468e+003,-2.475819e+002
2.253000e+001,8.668539e+003,8.554663e+003,8.510838e+003,1.138761e+002
2.254000e+001,8.491037e+003,8.550212e+003,8.505211e+003,-5.917482e+001
2.255000e+001,8.589205e+003,8.545818e+003,8.499587e+003,4.338727e+001
2.256000e+001,8.442723e+003,8.541484e+003,8.493967e+003,-9.876147e+001
2.257000e+001,8.422273e+003,8.537215e+003,8.488350e+003,-1.149413e+002
2.258000e+001,8.571681e+003,8.533014e+003,8.482736e+003,3.866718e+001
2.259000e+001,8.478152e+003,8.528885e+003,8.477126e+003,-5.073274e+001
2.260000e+001,8.399896e+003,8.524834e+003,8.471519e+003,-1.249386e+002
2.261000e+001,8.582490e+003,8.520866e+003,8.465916e+003,6.162417e+001
2.262000e+001,8.584412e+003,8.516987e+003,8.460316e+003,6.742558e+001
2.263000e+001,8.562446e+003,8.513202e+003,8.454719e+003,4.924442e+001
2.264000e+001,8.474120e+003,8.509519e+003,8.449126e+003,-3.539891e+001
2.265000e+001,8.435387e+003,8.505945e+003,8.443537e+003,-7.055878e+001
2.266000e+001,8.576256e+003,8.502490e+003,8.437951e+003,7.376627e+001
2.267000e+001,8.521703e+003,8.499161e+003,8.432368e+003,2.254244e+001
2.268000e+001,8.402641e+003,8.495969e+003,8.426788e+003,-9.332813e+001
2.269000e+001,8.422964e+003,8.492925e+003,8.421212e+003,-6.996128e+001
2.270000e+001,8.458852e+003,8.490043e+003,8.415640e+003,-3.119104e+001
2.271000e+001,8.590202e+003,8.487335e+003,8.410070e+003,1.028667e+002
2.272000e+001,8.603755e+003,8.484820e+003,8.404505e+003,1.189353e+002
2.273000e+001,8.464114e+003,8.482514e+003,8.398942e+003,-1.839962e+001
2.274000e+001,8.563533e+003,8.480440e+003,8.393383e+003,8.309301e+001
2.275000e+001,8.429876e+003,8.478624e+003,8.387828e+003,-4.874843e+001
2.276000e+001,8.305254e+003,8.477098e+003,8.382276e+003,-1.718444e+002
2.277000e+001,8.489461e+003,8.475901e+003,8.376727e+003,1.355972e+001
2.278000e+001,8.242318e+003,8.475083e+003,8.371182e+003,-2.327649e+002
2.279000e+001,8.398453e+003,8.474710e+003,8.365640e+003,-7.625678e+001
2.280000e+001,8.370466e+003,8.474867e+003,8.360101e+003,-1.044008e+002
2.281000e+001,8.403293e+003,8.475763e+003,8.354566e+003,-7.247029e+001
2.282000e+001,8.465630e+003,8.477362e+003,8.349035e+003,-1.173232e+001
2.283000e+001,8.644342e+003,8.479963e+003,8.343506e+003,1.643792e+002
2.284000e+001,8.609103e+003,8.483836e+003,8.337982e+003,1.252673e+002
2.285000e+001,8.472874e+003,8.489341e+003,8.332460e+003,-1.646698e+001
2.286000e+001,8.376300e+003,8.496944e+003,8.326942e+003,-1.206437e+002
2.287000e+001,8.589793e+003,8.507242e+003,8.321428e+003,8.255100e+001
2.288000e+001,8.606686e+003,8.521038e+003,8.315916e+003,8.564851e+001
2.289000e+001,8.692580e+003,8.539168e+003,8.310409e+003,1.534118e+002
2.290000e+001,8.609392e+003,8.562806e+003,8.304904e+003,4.658585e+001
2.291000e+001,8.888897e+003,8.593278e+003,8.299403e+003,2.956186e+002
2.292000e+001,8.914336e+003,8.632108e+003,8.293906e+003,2.822281e+002
2.293000e+001,8.863561e+003,8.680991e+003,8.288412e+003,1.825709e+002
2.294000e+001,9.019541e+003,8.741748e+003,8.282921e+003,2.777934e+002
2.295000e+001,8.906751e+003,8.816256e+003,8.277434e+003,9.049530e+001
2.296000e+001,9.005657e+003,8.906351e+003,8.271950e+003,9.930633e+001
2.297000e+001,9.118541e+003,9.013707e+003,8.266469e+003,1.048343e+002
2.298000e+001,9.239087e+003,9.139692e+003,8.260992e+003,9.939505e+001
2.299000e+001,9.370157e+003,9.285213e+003,8.255519e+003,8.494469e+001
2.300000e+001,9.500832e+003,9.450547e+003,8.250048e+003,5.028512e+001
2.301000e+001,9.553772e+003,9.635180e+003,8.244582e+003,-8.140742e+001
2.302000e+001,9.718179e+003,9.837644e+003,8.239118e+003,-1.194654e+002
2.303000e+001,9.904563e+003,1.005537e+004,8.233658e+003,-1.508075e+002
2.304000e+001,1.015432e+004,1.028455e+004,8.228202e+003,-1.302352e+002
2.305000e+001,1.046883e+004,1.052003e+004,8.222748e+003,-5.119574e+001
2.306000e+001,1.068211e+004,1.075522e+004,8.217299e+003,-7.311512e+001
2.307000e+001,1.133301e+004,1.098219e+004,8.211852e+003,3.508218e+002
2.308000e+001,1.146150e+004,1.119188e+004,8.206409e+003,2.696212e+002
2.309000e+001,1.134254e+004,1.137472e+004,8.200970e+003,-3.218118e+001
2.310000e+001,1.154206e+004,1.152159e+004,8.195534e+003,2.046434e+001
2.311000e+001,1.168640e+004,1.162486e+004,8.190101e+003,6.153636e+001
2.312000e+001,1.161950e+004,1.157801e+004,8.184672e+003,4.148506e+001
2.313000e+001,1.130496e+004,1.135383e+004,8.179246e+003,-4.887006e+001
2.314000e+001,1.125230e+004,1.106772e+004,8.173823e+003,1.845763e+002
2.315000e+001,1.090712e+004,1.079979e+004,8.168404e+003,1.073314e+002
2.316000e+001,1.069049e+004,1.057516e+004,8.162989e+003,1.153277e+002
2.317000e+001,1.035292e+004,1.038484e+004,8.157577e+003,-3.191752e+001
2.318000e+001,1.026150e+004,1.015264e+004,8.152168e+003,1.088658e+002
2.319000e+001,9.792695e+003,9.877669e+003,8.146762e+003,-8.497376e+001
2.320000e+001,9.661428e+003,9.609292e+003,8.141360e+003,5.213610e+001
2.321000e+001,9.389046e+003,9.378209e+003,8.135962e+003,1.083728e+001
2.322000e+001,9.111845e+003,9.191206e+003,8.130567e+003,-7.936084e+001
2.323000e+001,9.002630e+003,9.042510e+003,8.125175e+003,-3.987980e+001
2.324000e+001,8.817281e+003,8.923332e+003,8.119786e+003,-1.060509e+002
2.325000e+001,8.806479e+003,8.826125e+003,8.114402e+003,-1.964653e+001
2.326000e+001,8.868806e+003,8.745550e+003,8.109020e+003,1.232553e+002
2.327000e+001,8.869565e+003,8.678124e+003,8.103642e+003,1.914406e+002
2.328000e+001,8.672082e+003,8.621574e+003,8.098267e+003,5.050816e+001
2.329000e+001,8.499028e+003,8.574327e+003,8.092896e+003,-7.529878e+001
2.330000e+001,8.580888e+003,8.535209e+003,8.087528e+003,4.567902e+001
2.331000e+001,8.563924e+003,8.503310e+003,8.082164e+003,6.061359e+001
2.332000e+001,8.674450e+003,8.477953e+003,8.076803e+003,1.964974e+002
2.333000e+001,8.455239e+003,8.458687e+003,8.071445e+003,-3.448137e+000
2.334000e+001,8.516114e+003,8.445302e+003,8.066091e+003,7.081232e+001
2.335000e+001,8.497372e+003,8.437822e+003,8.060740e+003,5.954968e+001
2.336000e+001,8.686591e+003,8.436508e+003,8.055392e+003,2.500832e+002
2.337000e+001,8.482057e+003,8.441837e+003,8.050048e+003,4.021917e+001
2.338000e+001,8.441862e+003,8.454496e+003,8.044708e+003,-1.263333e+001
2.339000e+001,8.545983e+003,8.475345e+003,8.039371e+003,7.063878e+001
2.340000e+001,8.679386e+003,8.505392e+003,8.034037e+003,1.739941e+002
2.341000e+001,8.680593e+003,8.545743e+003,8.028707e+003,1.348502e+002
2.342000e+001,8.676090e+003,8.597544e+003,8.023380e+003,7.854575e+001
2.343000e+001,8.830612e+003,8.661910e+003,8.018056e+003,1.687025e+002
2.344000e+001,8.913135e+003,8.739836e+003,8.012736e+003,1.732987e+002
2.345000e+001,8.892332e+003,8.832105e+003,8.007419e+003,6.022676e+001
2.346000e+001,8.924080e+003,8.939183e+003,8.002106e+003,-1.510274e+001
2.347000e+001,9.138790e+003,9.061112e+003,7.996796e+003,7.767812e+001
2.348000e+001,9.174821e+003,9.197408e+003,7.991490e+003,-2.258671e+001
2.349000e+001,9.138887e+003,9.346959e+003,7.986187e+003,-2.080728e+002
2.350000e+001,9.427310e+003,9.507934e+003,7.980887e+003,-8.062398e+001
2.351000e+001,9.594103e+003,9.677692e+003,7.975591e+003,-8.358804e+001
2.352000e+001,9.963693e+003,9.852716e+003,7.970298e+003,1.109771e+002
2.353000e+001,9.985763e+003,1.002857e+004,7.965009e+003,-4.280525e+001
2.354000e+001,1.018154e+004,1.019990e+004,7.959723e+003,-1.835630e+001
2.355000e+001,1.041235e+004,1.036058e+004,7.954440e+003,5.176736e+001
2.356000e+001,1.046964e+004,1.050402e+004,7.949161e+003,-3.438418e+001
2.357000e+001,1.088878e+004,1.062370e+004,7.943885e+003,2.650795e+002
2.358000e+001,1.089735e+004,1.071387e+004,7.938613e+003,1.834780e+002
2.359000e+001,1.073776e+004,1.074485e+004,7.933344e+003,-7.087931e+000
2.360000e+001,1.055393e+004,1.061069e+004,7.928079e+003,-5.676514e+001
2.361000e+001,1.045101e+004,1.038169e+004,7.922816e+003,6.931944e+001
2.362000e+001,1.024997e+004,1.014596e+004,7.917558e+003,1.040061e+002
2.363000e+001,9.880609e+003,9.944254e+003,7.912302e+003,-6.364426e+001
2.364000e+001,9.851360e+003,9.779695e+003,7.907051e+003,7.166525e+001
2.365000e+001,9.712512e+003,9.625029e+003,7.901802e+003,8.748252e+001
2.366000e+001,9.356232e+003,9.419514e+003,7.896557e+003,-6.328132e+001
2.367000e+001,9.157302e+003,9.194019e+003,7.891315e+003,-3.671734e+001
2.368000e+001,9.087375e+003,8.986817e+003,7.886077e+003,1.005576e+002
2.369000e+001,8.800848e+003,8.814571e+003,7.880842e+003,-1.372357e+001
2.370000e+001,8.718371e+003,8.677014e+003,7.875611e+003,4.135732e+001
2.371000e+001,8.474706e+003,8.567358e+003,7.870383e+003,-9.265215e+001
2.372000e+001,8.594933e+003,8.478444e+003,7.865159e+003,1.164881e+002
2.373000e+001,8.556811e+003,8.404821e+003,7.859937e+003,1.519901e+002
2.374000e+001,8.200721e+003,8.342844e+003,7.854720e+003,-1.421234e+002
2.375000e+001,8.439461e+003,8.290148e+003,7.849505e+003,1.493126e+002
2.376000e+001,8.287405e+003,8.245117e+003,7.844294e+003,4.228850e+001
2.377000e+001,8.260179e+003,8.206525e+003,7.839087e+003,5.365342e+001
2.378000e+001,8.151637e+003,8.173363e+003,7.833883e+003,-2.172629e+001
2.379000e+001,8.153044e+003,8.144764e+003,7.828682e+003,8.280255e+000
2.380000e+001,8.143292e+003,8.119989e+003,7.823485e+003,2.330392e+001
2.381000e+001,8.116169e+003,8.098415e+003,7.818291e+003,1.775424e+001
2.382000e+001,8.131785e+003,8.079533e+003,7.813101e+003,5.225226e+001
2.383000e+001,8.064385e+003,8.062928e+003,7.807913e+003,1.457400e+000
2.384000e+001,8.053503e+003,8.048267e+003,7.802730e+003,5.235439e+000
2.385000e+001,8.073766e+003,8.035285e+003,7.797550e+003,3.848061e+001
2.386000e+001,8.181314e+003,8.023769e+003,7.792373e+003,1.575443e+002
2.387000e+001,8.218492e+003,8.013548e+003,7.787199e+003,2.049437e+002
2.388000e+001,7.914149e+003,8.004487e+003,7.782030e+003,-9.033859e+001
2.389000e+001,7.983583e+003,7.996478e+003,7.776863e+003,-1.289569e+001
2.390000e+001,8.011760e+003,7.989435e+003,7.771700e+003,2.232445e+001
2.391000e+001,8.103216e+003,7.983293e+003,7.766540e+003,1.199236e+002
2.392000e+001,7.962716e+003,7.978000e+003,7.761384e+003,-1.528443e+001
2.393000e+001,7.877386e+003,7.973522e+003,7.756231e+003,-9.613589e+001
2.394000e+001,7.981547e+003,7.969833e+003,7.751081e+003,1.171406e+001
2.395000e+001,8.024247e+003,7.966921e+003,7.745935e+003,5.732553e+001
2.396000e+001,8.017831e+003,7.964784e+003,7.740793e+003,5.304749e+001
2.397000e+001,7.945923e+003,7.963428e+003,7.735653e+003,-1.750462e+001
2.398000e+001,7.946998e+003,7.962869e+003,7.730517e+003,-1.587179e+001
2.399000e+001,7.947278e+003,7.963135e+003,7.725385e+003,-1.585763e+001
2.400000e+001,8.004151e+003,7.964262e+003,7.720256e+003,3.988963e+001
2.401000e+001,8.058376e+003,7.966295e+003,7.715130e+003,9.208086e+001
2.402000e+001,7.917372e+003,7.969294e+003,7.710008e+003,-5.192174e+001
2.403000e+001,7.987538e+003,7.973329e+003,7.704889e+003,1.420839e+001
2.404000e+001,8.090785e+003,7.978488e+003,7.699774e+003,1.122972e+002
2.405000e+001,7.985853e+003,7.984873e+003,7.694662e+003,9.797628e-001
2.406000e+001,8.100630e+003,7.992610e+003,7.689553e+003,1.080207e+002
2.407000e+001,8.138409e+003,8.001849e+003,7.684448e+003,1.365595e+002
2.408000e+001,8.015330e+003,8.012773e+003,7.679347e+003,2.556542e+000
2.409000e+001,8.078917e+003,8.025603e+003,7.674248e+003,5.331399e+001
2.410000e+001,8.083060e+003,8.040607e+003,7.669153e+003,4.245273e+001
2.411000e+001,7.916188e+003,8.058115e+003,7.664062e+003,-1.419277e+002
2.412000e+001,8.126052e+003,8.078530e+003,7.658974e+003,4.752258e+001
2.413000e+001,8.082025e+003,8.102341e+003,7.653889e+003,-2.031554e+001
2.414000e+001,8.103087e+003,8.130146e+003,7.648808e+003,-2.705815e+001
2.415000e+001,8.207854e+003,8.162663e+003,7.643730e+003,4.519110e+001
2.416000e+001,8.205109e+003,8.200756e+003,7.638656e+003,4.353732e+000
2.417000e+001,8.275776e+003,8.245441e+003,7.633585e+003,3.033579e+001
2.418000e+001,8.372236e+003,8.297906e+003,7.628517e+003,7.433039e+001
2.419000e+001,8.338819e+003,8.359515e+003,7.623453e+003,-2.069590e+001
2.420000e+001,8.510741e+003,8.431806e+003,7.618392e+003,7.893478e+001
2.421000e+001,8.555142e+003,8.516479e+003,7.613335e+003,3.866239e+001
2.422000e+001,8.657423e+003,8.615368e+003,7.608281e+003,4.205503e+001
2.423000e+001,8.829260e+003,8.730395e+003,7.603230e+003,9.886506e+001
2.424000e+001,9.067280e+003,8.863496e+003,7.598183e+003,2.037845e+002
2.425000e+001,9.094828e+003,9.016505e+003,7.593139e+003,7.832344e+001
2.426000e+001,9.228810e+003,9.190972e+003,7.588099e+003,3.783751e+001
2.427000e+001,9.512763e+003,9.387887e+003,7.583062e+003,1.248756e+002
2.428000e+001,9.563516e+003,9.607255e+003,7.578028e+003,-4.373947e+001
2.429000e+001,9.784088e+003,9.847490e+003,7.572998e+003,-6.340254e+001
2.430000e+001,1.012820e+004,1.010462e+004,7.567972e+003,2.357746e+001
2.431000e+001,1.014848e+004,1.037141e+004,7.562948e+003,-2.229241e+002
2.432000e+001,1.073644e+004,1.063668e+004,7.557929e+003,9.976279e+001
2.433000e+001,1.096164e+004,1.088546e+004,7.552912e+003,7.618396e+001
2.434000e+001,1.113204e+004,1.110047e+004,7.547899e+003,3.156550e+001
2.435000e+001,1.136835e+004,1.126524e+004,7.542890e+003,1.031043e+002
2.436000e+001,1.141604e+004,1.135260e+004,7.537883e+003,6.344485e+001
2.437000e+001,1.125034e+004,1.124123e+004,7.532881e+003,9.109683e+000
2.438000e+001,1.091405e+004,1.098104e+004,7.527881e+003,-6.698809e+001
2.439000e+001,1.071436e+004,1.067076e+004,7.522885e+003,4.360036e+001
2.440000e+001,1.043621e+004,1.037036e+004,7.517893e+003,6.585008e+001
2.441000e+001,1.018349e+004,1.009952e+004,7.512904e+003,8.396822e+001
2.442000e+001,9.932968e+003,9.853382e+003,7.507918e+003,7.958573e+001
2.443000e+001,9.650935e+003,9.567606e+003,7.502936e+003,8.332849e+001
2.444000e+001,9.230717e+003,9.247973e+003,7.497957e+003,-1.725610e+001
2.445000e+001,8.941278e+003,8.938280e+003,7.492981e+003,2.998115e+000
2.446000e+001,8.617433e+003,8.666760e+003,7.488009e+003,-4.932758e+001
2.447000e+001,8.517299e+003,8.442232e+003,7.483040e+003,7.506664e+001
2.448000e+001,8.242537e+003,8.262345e+003,7.478075e+003,-1.980744e+001
2.449000e+001,8.190107e+003,8.120504e+003,7.473113e+003,6.960375e+001
2.450000e+001,7.975871e+003,8.009308e+003,7.468155e+003,-3.343661e+001
2.451000e+001,8.020407e+003,7.921925e+003,7.463200e+003,9.848131e+001
2.452000e+001,7.971072e+003,7.852590e+003,7.458248e+003,1.184819e+002
2.453000e+001,7.794317e+003,7.796720e+003,7.453300e+003,-2.402496e+000
2.454000e+001,7.748571e+003,7.750842e+003,7.448355e+003,-2.270551e+000
2.455000e+001,7.689700e+003,7.712421e+003,7.443414e+003,-2.272073e+001
2.456000e+001,7.750180e+003,7.679648e+003,7.438476e+003,7.053204e+001
2.457000e+001,7.639374e+003,7.651239e+003,7.433542e+003,-1.186459e+001
2.458000e+001,7.807589e+003,7.626277e+003,7.428610e+003,1.813117e+002
2.459000e+001,7.638544e+003,7.604091e+003,7.423683e+003,3.445319e+001
2.460000e+001,7.565626e+003,7.584176e+003,7.418758e+003,-1.854991e+001
2.461000e+001,7.501326e+003,7.566145e+003,7.413837e+003,-6.481830e+001
2.462000e+001,7.439374e+003,7.549691e+003,7.408920e+003,-1.103172e+002
2.463000e+001,7.594295e+003,7.534570e+003,7.404006e+003,5.972563e+001
2.464000e+001,7.555550e+003,7.520583e+003,7.399095e+003,3.496731e+001
2.465000e+001,7.625445e+003,7.507568e+003,7.394188e+003,1.178771e+002
2.466000e+001,7.496433e+003,7.495390e+003,7.389284e+003,1.043534e+000
2.467000e+001,7.607166e+003,7.483937e+003,7.384384e+003,1.232293e+002
2.468000e+001,7.448676e+003,7.473116e+003,7.379487e+003,-2.443926e+001
2.469000e+001,7.501356e+003,7.462847e+003,7.374593e+003,3.850922e+001
2.470000e+001,7.553243e+003,7.453065e+003,7.369703e+003,1.001780e+002
2.471000e+001,7.451190e+003,7.443711e+003,7.364816e+003,7.479097e+000
2.472000e+001,7.410524e+003,7.434738e+003,7.359933e+003,-2.421421e+001
2.473000e+001,7.397629e+003,7.426103e+003,7.355053e+003,-2.847384e+001
2.474000e+001,7.585049e+003,7.417770e+003,7.350176e+003,1.672783e+002
2.475000e+001,7.464197e+003,7.409708e+003,7.345303e+003,5.448894e+001
2.476000e+001,7.498377e+003,7.401890e+003,7.340434e+003,9.648784e+001
2.477000e+001,7.419635e+003,7.394290e+003,7.335567e+003,2.534518e+001
2.478000e+001,7.357046e+003,7.386889e+003,7.330704e+003,-2.984264e+001
2.479000e+001,7.287231e+003,7.379668e+003,7.325845e+003,-9.243645e+001
2.480000e+001,7.322878e+003,7.372610e+003,7.320989e+003,-4.973230e+001
2.481000e+001,7.348811e+003,7.365702e+003,7.316136e+003,-1.689115e+001
2.482000e+001,7.490520e+003,7.358929e+003,7.311287e+003,1.315907e+002
2.483000e+001,7.385305e+003,7.352282e+003,7.306441e+003,3.302341e+001
2.484000e+001,7.252884e+003,7.345749e+003,7.301599e+003,-9.286501e+001
2.485000e+001,7.370911e+003,7.339321e+003,7.296760e+003,3.158938e+001
2.486000e+001,7.227942e+003,7.332991e+003,7.291924e+003,-1.050484e+002
2.487000e+001,7.428752e+003,7.326750e+003,7.287092e+003,1.020019e+002
2.488000e+001,7.316965e+003,7.320593e+003,7.282263e+003,-3.627270e+000
2.489000e+001,7.313500e+003,7.314512e+003,7.277438e+003,-1.012051e+000
2.490000e+001,7.403843e+003,7.308503e+003,7.272616e+003,9.533968e+001
2.491000e+001,7.330517e+003,7.302561e+003,7.267797e+003,2.795628e+001
2.492000e+001,7.339061e+003,7.296681e+003,7.262982e+003,4.237987e+001
2.493000e+001,7.289423e+003,7.290858e+003,7.258170e+003,-1.435155e+000
2.494000e+001,7.251211e+003,7.285091e+003,7.253362e+003,-3.387914e+001
2.495000e+001,7.361458e+003,7.279373e+003,7.248557e+003,8.208453e+001
2.496000e+001,7.220662e+003,7.273704e+003,7.243756e+003,-5.304200e+001
2.497000e+001,7.294528e+003,7.268080e+003,7.238958e+003,2.644825e+001
2.498000e+001,7.276008e+003,7.262497e+003,7.234163e+003,1.351112e+001
2.499000e+001,7.185009e+003,7.256955e+003,7.229372e+003,-7.194528e+001
2.500000e+001,7.336560e+003,7.251449e+003,7.224584e+003,8.511101e+001
2.501000e+001,7.230228e+003,7.245980e+003,7.219800e+003,-1.575185e+001
2.502000e+001,7.356424e+003,7.240544e+003,7.215019e+003,1.158805e+002
2.503000e+001,7.359619e+003,7.235139e+003,7.210241e+003,1.244796e+002
2.504000e+001,7.158520e+003,7.229765e+003,7.205467e+003,-7.124584e+001
2.505000e+001,7.241308e+003,7.224420e+003,7.200696e+003,1.688775e+001
2.506000e+001,7.231001e+003,7.219102e+003,7.195929e+003,1.189939e+001
2.507000e+001,7.140244e+003,7.213809e+003,7.191165e+003,-7.356521e+001
2.508000e+001,7.239961e+003,7.208542e+003,7.186404e+003,3.141966e+001
2.509000e+001,7.248465e+003,7.203298e+003,7.181647e+003,4.516703e+001
2.510000e+001,7.227390e+003,7.198076e+003,7.176894e+003,2.931375e+001
2.511000e+001,7.200318e+003,7.192876e+003,7.172143e+003,7.441901e+000
2.512000e+001,7.208087e+003,7.187697e+003,7.167396e+003,2.038959e+001
2.513000e+001,7.378455e+003,7.182538e+003,7.162653e+003,1.959167e+002
2.514000e+001,7.192484e+003,7.177398e+003,7.157913e+003,1.508638e+001
2.515000e+001,7.088278e+003,7.172275e+003,7.153176e+003,-8.399757e+001
2.516000e+001,7.180963e+003,7.167171e+003,7.148443e+003,1.379262e+001
2.517000e+001,7.227507e+003,7.162083e+003,7.143713e+003,6.542422e+001
2.518000e+001,7.034835e+003,7.157012e+003,7.138987e+003,-1.221766e+002
2.519000e+001,7.191733e+003,7.151956e+003,7.134264e+003,3.977748e+001
2.520000e+001,7.066506e+003,7.146915e+003,7.129544e+003,-8.040903e+001
2.521000e+001,7.250091e+003,7.141889e+003,7.124828e+003,1.082019e+002
2.522000e+001,7.143635e+003,7.136878e+003,7.120115e+003,6.757201e+000
2.523000e+001,7.042924e+003,7.131880e+003,7.115406e+003,-8.895571e+001
2.524000e+001,7.177156e+003,7.126895e+003,7.110700e+003,5.026159e+001
2.525000e+001,7.039020e+003,7.121923e+003,7.105997e+003,-8.290327e+001
2.526000e+001,7.251692e+003,7.116963e+003,7.101298e+003,1.347286e+002
2.527000e+001,7.182464e+003,7.112016e+003,7.096603e+003,7.044787e+001
2.528000e+001,7.223191e+003,7.107081e+003,7.091910e+003,1.161104e+002
2.529000e+001,7.231185e+003,7.102157e+003,7.087221e+003,1.290286e+002
2.530000e+001,7.112514e+003,7.097244e+003,7.082536e+003,1.527003e+001
2.531000e+001,7.242855e+003,7.092342e+003,7.077854e+003,1.505128e+002
2.532000e+001,7.081886e+003,7.087450e+003,7.073175e+003,-5.564203e+000
2.533000e+001,7.017139e+003,7.082569e+003,7.068500e+003,-6.543076e+001
2.534000e+001,7.060700e+003,7.077699e+003,7.063828e+003,-1.699845e+001
2.535000e+001,7.019835e+003,7.072838e+003,7.059160e+003,-5.300235e+001
2.536000e+001,7.043033e+003,7.067987e+003,7.054495e+003,-2.495384e+001
2.537000e+001,7.096050e+003,7.063145e+003,7.049833e+003,3.290498e+001
2.538000e+001,7.048498e+003,7.058312e+003,7.045175e+003,-9.814397e+000
2.539000e+001,7.074091e+003,7.053489e+003,7.040520e+003,2.060220e+001
2.540000e+001,7.071780e+003,7.048675e+003,7.035869e+003,2.310506e+001
2.541000e+001,6.933971e+003,7.043869e+003,7.031221e+003,-1.098985e+002
2.542000e+001,7.130589e+003,7.039072e+003,7.026577e+003,9.151665e+001
2.543000e+001,7.038061e+003,7.033091e+003,7.021935e+003,4.970006e+000
2.544000e+001,7.023707e+003,7.028321e+003,7.017298e+003,-4.614622e+000
2.545000e+001,7.062948e+003,7.023559e+003,7.012664e+003,3.938845e+001
2.546000e+001,6.873448e+003,7.018806e+003,7.008033e+003,-1.453574e+002
2.547000e+001,6.925002e+003,7.014060e+003,7.003405e+003,-8.905764e+001
2.548000e+001,7.012811e+003,7.008724e+003,6.998781e+003,4.087006e+000
2.549000e+001,6.859637e+003,7.003999e+003,6.994161e+003,-1.443619e+002
2.550000e+001,6.844183e+003,6.999281e+003,6.989543e+003,-1.550982e+002
2.551000e+001,7.096130e+003,6.994571e+003,6.984929e+003,1.015595e+002
2.552000e+001,6.929794e+003,6.989868e+003,6.980319e+003,-6.007396e+001
2.553000e+001,6.946913e+003,6.985172e+003,6.975712e+003,-3.825950e+001
2.554000e+001,6.832807e+003,6.980484e+003,6.971109e+003,-1.476765e+002
2.555000e+001,6.984876e+003,6.975802e+003,6.966508e+003,9.073820e+000
2.556000e+001,6.953161e+003,6.971128e+003,6.961912e+003,-1.796731e+001
2.557000e+001,6.842537e+003,6.966461e+003,6.957318e+003,-1.239236e+002
2.558000e+001,6.921535e+003,6.961801e+003,6.952728e+003,-4.026531e+001
2.559000e+001,6.985505e+003,6.957147e+003,6.948142e+003,2.835811e+001
2.560000e+001,7.046806e+003,6.952501e+003,6.943559e+003,9.430467e+001
2.561000e+001,6.968475e+003,6.947862e+003,6.938979e+003,2.061342e+001
2.562000e+001,6.864495e+003,6.943229e+003,6.934403e+003,-7.873413e+001
2.563000e+001,6.908317e+003,6.938604e+003,6.929830e+003,-3.028626e+001
2.564000e+001,6.847830e+003,6.933985e+003,6.925260e+003,-8.615536e+001
2.565000e+001,7.051934e+003,6.929373e+003,6.920694e+003,1.225605e+002
2.566000e+001,6.908744e+003,6.924768e+003,6.916132e+003,-1.602444e+001
2.567000e+001,6.841553e+003,6.920170e+003,6.911573e+003,-7.861733e+001
2.568000e+001,6.783878e+003,6.915579e+003,6.907017e+003,-1.317009e+002
2.569000e+001,6.813748e+003,6.910994e+003,6.902464e+003,-9.724645e+001
2.570000e+001,6.975868e+003,6.906417e+003,6.897915e+003,6.945118e+001
2.571000e+001,6.944102e+003,6.901847e+003,6.893370e+003,4.225507e+001
2.572000e+001,6.889496e+003,6.897283e+003,6.888828e+003,-7.786912e+000
2.573000e+001,6.853700e+003,6.892727e+003,6.884289e+003,-3.902631e+001
2.574000e+001,6.905270e+003,6.888177e+003,6.879754e+003,1.709243e+001
2.575000e+001,6.963917e+003,6.883635e+003,6.875222e+003,8.028225e+001
2.576000e+001,6.845472e+003,6.879100e+003,6.870693e+003,-3.362791e+001
2.577000e+001,6.932011e+003,6.874572e+003,6.866168e+003,5.743949e+001
2.578000e+001,6.931111e+003,6.870051e+003,6.861646e+003,6.106017e+001
2.579000e+001,7.047109e+003,6.865538e+003,6.857128e+003,1.815709e+002
2.580000e+001,7.007990e+003,6.861032e+003,6.852613e+003,1.469579e+002
2.581000e+001,6.961456e+003,6.856534e+003,6.848102e+003,1.049214e+002
2.582000e+001,6.757085e+003,6.852044e+003,6.843594e+003,-9.495847e+001
2.583000e+001,6.738913e+003,6.847561e+003,6.839089e+003,-1.086488e+002
2.584000e+001,6.796179e+003,6.843087e+003,6.834588e+003,-4.690814e+001
2.585000e+001,6.812693e+003,6.837658e+003,6.830090e+003,-2.496503e+001
2.586000e+001,6.832113e+003,6.833208e+003,6.825596e+003,-1.094950e+000
2.587000e+001,6.766005e+003,6.828767e+003,6.821105e+003,-6.276202e+001
2.588000e+001,6.913596e+003,6.824334e+003,6.816617e+003,8.926157e+001
2.589000e+001,6.884857e+003,6.819910e+003,6.812133e+003,6.494731e+001
2.590000e+001,6.933662e+003,6.815495e+003,6.807652e+003,1.181666e+002
2.591000e+001,6.828755e+003,6.810611e+003,6.803175e+003,1.814382e+001
2.592000e+001,6.813710e+003,6.806219e+003,6.798701e+003,7.490604e+000
2.593000e+001,6.776846e+003,6.801836e+003,6.794231e+003,-2.499072e+001
2.594000e+001,6.896581e+003,6.797464e+003,6.789764e+003,9.911664e+001
2.595000e+001,6.832198e+003,6.793102e+003,6.785300e+003,3.909634e+001
2.596000e+001,6.634069e+003,6.788750e+003,6.780840e+003,-1.546817e+002
2.597000e+001,6.706831e+003,6.784410e+003,6.776383e+003,-7.757909e+001
2.598000e+001,6.784830e+003,6.780081e+003,6.771929e+003,4.748143e+000
2.599000e+001,6.822631e+003,6.775765e+003,6.767479e+003,4.686658e+001
2.600000e+001,6.762323e+003,6.771460e+003,6.763033e+003,-9.137293e+000
2.601000e+001,6.700959e+003,6.767169e+003,6.758589e+003,-6.621082e+001
2.602000e+001,6.825213e+003,6.762892e+003,6.754150e+003,6.232110e+001
2.603000e+001,6.767855e+003,6.758629e+003,6.749713e+003,9.226924e+000
2.604000e+001,6.805736e+003,6.754380e+003,6.745280e+003,5.135594e+001
2.605000e+001,6.702574e+003,6.750148e+003,6.740851e+003,-4.757374e+001
2.606000e+001,6.806164e+003,6.745932e+003,6.736425e+003,6.023196e+001
2.607000e+001,6.795032e+003,6.741734e+003,6.732002e+003,5.329781e+001
2.608000e+001,6.735403e+003,6.737554e+003,6.727583e+003,-2.150919e+000
2.609000e+001,6.739676e+003,6.733394e+003,6.723167e+003,6.282072e+000
2.610000e+001,6.811297e+003,6.729255e+003,6.718754e+003,8.204226e+001
2.611000e+001,6.727177e+003,6.725138e+003,6.714345e+003,2.038487e+000
2.612000e+001,6.679972e+003,6.721045e+003,6.709939e+003,-4.107352e+001
2.613000e+001,6.752068e+003,6.716978e+003,6.705537e+003,3.509089e+001
2.614000e+001,6.857710e+003,6.712937e+003,6.701138e+003,1.447734e+002
2.615000e+001,6.665879e+003,6.708926e+003,6.696743e+003,-4.304680e+001
2.616000e+001,6.658355e+003,6.704946e+003,6.692351e+003,-4.659085e+001
2.617000e+001,6.686644e+003,6.701000e+003,6.687962e+003,-1.435634e+001
2.618000e+001,6.582769e+003,6.697091e+003,6.683577e+003,-1.143221e+002
2.619000e+001,6.740385e+003,6.693221e+003,6.679195e+003,4.716343e+001
2.620000e+001,6.648515e+003,6.689395e+003,6.674817e+003,-4.088070e+001
2.621000e+001,6.594391e+003,6.685616e+003,6.670442e+003,-9.122534e+001
2.622000e+001,6.667125e+003,6.681889e+003,6.666070e+003,-1.476419e+001
2.623000e+001,6.607590e+003,6.678219e+003,6.661702e+003,-7.062873e+001
2.624000e+001,6.589900e+003,6.674610e+003,6.657337e+003,-8.471021e+001
2.625000e+001,6.537260e+003,6.671070e+003,6.652976e+003,-1.338106e+002
2.626000e+001,6.730941e+003,6.667607e+003,6.648618e+003,6.333429e+001
2.627000e+001,6.717597e+003,6.664227e+003,6.644264e+003,5.336935e+001
2.628000e+001,6.544251e+003,6.660942e+003,6.639913e+003,-1.166919e+002
2.629000e+001,6.660234e+003,6.657763e+003,6.635565e+003,2.470498e+000
2.630000e+001,6.753504e+003,6.654704e+003,6.631221e+003,9.879984e+001
2.631000e+001,6.701028e+003,6.651781e+003,6.626880e+003,4.924668e+001
2.632000e+001,6.747680e+003,6.649015e+003,6.622542e+003,9.866448e+001
2.633000e+001,6.568555e+003,6.646432e+003,6.618208e+003,-7.787769e+001
2.634000e+001,6.717834e+003,6.644066e+003,6.613878e+003,7.376792e+001
2.635000e+001,6.703531e+003,6.641960e+003,6.609551e+003,6.157134e+001
2.636000e+001,6.548514e+003,6.640172e+003,6.605227e+003,-9.165736e+001
2.637000e+001,6.764206e+003,6.638777e+003,6.600907e+003,1.254286e+002
2.638000e+001,6.576717e+003,6.637877e+003,6.596590e+003,-6.115978e+001
2.639000e+001,6.678429e+003,6.637601e+003,6.592276e+003,4.082787e+001
2.640000e+001,6.727152e+003,6.638119e+003,6.587966e+003,8.903281e+001
2.641000e+001,6.597639e+003,6.639643e+003,6.583659e+003,-4.200403e+001
2.642000e+001,6.631970e+003,6.642430e+003,6.579356e+003,-1.046071e+001
2.643000e+001,6.770056e+003,6.646791e+003,6.575056e+003,1.232649e+002
2.644000e+001,6.749007e+003,6.653077e+003,6.570759e+003,9.592993e+001
2.645000e+001,6.754252e+003,6.661679e+003,6.566466e+003,9.257258e+001
2.646000e+001,6.659120e+003,6.673005e+003,6.562177e+003,-1.388476e+001
2.647000e+001,6.742139e+003,6.687456e+003,6.557890e+003,5.468295e+001
2.648000e+001,6.614207e+003,6.705395e+003,6.553608e+003,-9.118886e+001
2.649000e+001,6.694291e+003,6.727106e+003,6.549328e+003,-3.281527e+001
2.650000e+001,6.733858e+003,6.752737e+003,6.545052e+003,-1.887838e+001
2.651000e+001,6.796855e+003,6.782230e+003,6.540780e+003,1.462571e+001
2.652000e+001,6.854879e+003,6.815225e+003,6.536510e+003,3.965401e+001
2.653000e+001,6.892888e+003,6.850926e+003,6.532245e+003,4.196190e+001
2.654000e+001,6.881938e+003,6.887946e+003,6.527982e+003,-6.008485e+000
2.655000e+001,6.998060e+003,6.924184e+003,6.523723e+003,7.387598e+001
2.656000e+001,6.883088e+003,6.956865e+003,6.519468e+003,-7.377707e+001
2.657000e+001,6.982309e+003,6.982925e+003,6.515216e+003,-6.156915e-001
2.658000e+001,7.068100e+003,6.999753e+003,6.510967e+003,6.834677e+001
2.659000e+001,6.991816e+003,6.998093e+003,6.506722e+003,-6.276656e+000
2.660000e+001,7.061119e+003,6.971484e+003,6.502480e+003,8.963454e+001
2.661000e+001,6.976119e+003,6.928221e+003,6.498241e+003,4.789761e+001
2.662000e+001,6.794493e+003,6.877663e+003,6.494006e+003,-8.317030e+001
2.663000e+001,6.862718e+003,6.827266e+003,6.489774e+003,3.545153e+001
2.664000e+001,6.785587e+003,6.781398e+003,6.485546e+003,4.189053e+000
2.665000e+001,6.771509e+003,6.741220e+003,6.481321e+003,3.028903e+001
2.666000e+001,6.718715e+003,6.700429e+003,6.477100e+003,1.828567e+001
2.667000e+001,6.592752e+003,6.656341e+003,6.472882e+003,-6.358924e+001
2.668000e+001,6.592609e+003,6.613285e+003,6.468667e+003,-2.067656e+001
2.669000e+001,6.554783e+003,6.573106e+003,6.464456e+003,-1.832352e+001
2.670000e+001,6.610082e+003,6.538078e+003,6.460248e+003,7.200381e+001
2.671000e+001,6.581324e+003,6.509455e+003,6.456044e+003,7.186830e+001
2.672000e+001,6.518620e+003,6.487346e+003,6.451843e+003,3.127413e+001
2.673000e+001,6.473533e+003,6.470473e+003,6.447646e+003,3.059293e+000
2.674000e+001,6.592007e+003,6.458497e+003,6.443451e+003,1.335099e+002
2.675000e+001,6.524446e+003,6.449599e+003,6.439261e+003,7.484677e+001
2.676000e+001,6.433557e+003,6.442651e+003,6.435073e+003,-9.094367e+000
2.677000e+001,6.564037e+003,6.436844e+003,6.430890e+003,1.271931e+002
2.678000e+001,6.479145e+003,6.431665e+003,6.426709e+003,4.747974e+001
2.679000e+001,6.394431e+003,6.426822e+003,6.422532e+003,-3.239108e+001
2.680000e+001,6.413558e+003,6.422160e+003,6.418358e+003,-8.602177e+000
2.681000e+001,6.369718e+003,6.417603e+003,6.414188e+003,-4.788491e+001
2.682000e+001,6.481006e+003,6.413115e+003,6.410021e+003,6.789107e+001
2.683000e+001,6.478773e+003,6.408677e+003,6.405858e+003,7.009617e+001
2.684000e+001,6.486621e+003,6.404279e+003,6.401698e+003,8.234181e+001
2.685000e+001,6.395511e+003,6.399913e+003,6.397541e+003,-4.402504e+000
2.686000e+001,6.282897e+003,6.395576e+003,6.393388e+003,-1.126786e+002
2.687000e+001,6.302265e+003,6.391262e+003,6.389238e+003,-8.899714e+001
2.688000e+001,6.355332e+003,6.386970e+003,6.385092e+003,-3.163856e+001
2.689000e+001,6.418365e+003,6.382697e+003,6.380949e+003,3.566814e+001
2.690000e+001,6.333650e+003,6.378440e+003,6.376809e+003,-4.478979e+001
2.691000e+001,6.257266e+003,6.374198e+003,6.372673e+003,-1.169316e+002
2.692000e+001,6.314680e+003,6.369969e+003,6.368541e+003,-5.528946e+001
2.693000e+001,6.241202e+003,6.365753e+003,6.364411e+003,-1.245507e+002
2.694000e+001,6.286024e+003,6.361548e+003,6.360285e+003,-7.552324e+001
2.695000e+001,6.343133e+003,6.357353e+003,6.356163e+003,-1.421992e+001
2.696000e+001,6.333947e+003,6.353167e+003,6.352044e+003,-1.922050e+001
2.697000e+001,6.229822e+003,6.348991e+003,6.347928e+003,-1.191684e+002
2.698000e+001,6.367189e+003,6.344822e+003,6.343816e+003,2.236612e+001
2.699000e+001,6.346460e+003,6.340662e+003,6.339707e+003,5.798607e+000
2.700000e+001,6.347817e+003,6.336509e+003,6.335602e+003,1.130837e+001
2.701000e+001,6.318251e+003,6.332362e+003,6.331500e+003,-1.411169e+001
2.702000e+001,6.338898e+003,6.328222e+003,6.327401e+003,1.067505e+001
2.703000e+001,6.210899e+003,6.324089e+003,6.323306e+003,-1.131896e+002
2.704000e+001,6.124199e+003,6.319962e+003,6.319214e+003,-1.957624e+002
2.705000e+001,6.341365e+003,6.315840e+003,6.315126e+003,2.552472e+001
2.706000e+001,6.319499e+003,6.311724e+003,6.311041e+003,7.775048e+000
2.707000e+001,6.258296e+003,6.307613e+003,6.306959e+003,-4.931693e+001
2.708000e+001,6.335737e+003,6.303508e+003,6.302881e+003,3.222886e+001
2.709000e+001,6.298395e+003,6.299408e+003,6.298807e+003,-1.012642e+000
2.710000e+001,6.214326e+003,6.295312e+003,6.294735e+003,-8.098609e+001
2.711000e+001,6.183057e+003,6.291222e+003,6.290667e+003,-1.081647e+002
2.712000e+001,6.282882e+003,6.287136e+003,6.286603e+003,-4.253680e+000
2.713000e+001,6.365825e+003,6.283055e+003,6.282542e+003,8.276989e+001
2.714000e+001,6.322711e+003,6.278978e+003,6.278484e+003,4.373324e+001
2.715000e+001,6.296437e+003,6.274906e+003,6.274430e+003,2.153103e+001
2.716000e+001,6.271818e+003,6.270838e+003,6.270379e+003,9.797464e-001
2.717000e+001,6.349356e+003,6.266775e+003,6.266332e+003,8.258135e+001
2.718000e+001,6.185846e+003,6.262715e+003,6.262288e+003,-7.686968e+001
2.719000e+001,6.311668e+003,6.258660e+003,6.258247e+003,5.300769e+001
2.720000e+001,6.271371e+003,6.254609e+003,6.254210e+003,1.676173e+001
2.721000e+001,6.289641e+003,6.250563e+003,6.250176e+003,3.907807e+001
2.722000e+001,6.303909e+003,6.246520e+003,6.246146e+003,5.738897e+001
2.723000e+001,6.219124e+003,6.242481e+003,6.242119e+003,-2.335693e+001
2.724000e+001,6.277713e+003,6.238446e+003,6.238096e+003,3.926729e+001
2.725000e+001,6.299121e+003,6.234415e+003,6.234075e+003,6.470539e+001
2.726000e+001,6.222084e+003,6.230388e+003,6.230059e+003,-8.304225e+000
2.727000e+001,6.191693e+003,6.226365e+003,6.226045e+003,-3.467171e+001
2.728000e+001,6.203087e+003,6.222346e+003,6.222036e+003,-1.925894e+001
2.729000e+001,6.159748e+003,6.218330e+003,6.218029e+003,-5.858189e+001
2.730000e+001,6.122018e+003,6.214319e+003,6.214026e+003,-9.230114e+001
2.731000e+001,6.105571e+003,6.210311e+003,6.210026e+003,-1.047401e+002
2.732000e+001,6.152808e+003,6.206307e+003,6.206030e+003,-5.349864e+001
2.733000e+001,6.242010e+003,6.202306e+003,6.202037e+003,3.970395e+001
2.734000e+001,6.267341e+003,6.198310e+003,6.198048e+003,6.903161e+001
2.735000e+001,6.169852e+003,6.194317e+003,6.194062e+003,-2.446512e+001
2.736000e+001,6.109345e+003,6.190327e+003,6.190079e+003,-8.098225e+001
2.737000e+001,6.286742e+003,6.186342e+003,6.186100e+003,1.003999e+002
2.738000e+001,6.123571e+003,6.182360e+003,6.182124e+003,-5.878860e+001
2.739000e+001,6.075941e+003,6.178382e+003,6.178152e+003,-1.024407e+002
2.740000e+001,6.220996e+003,6.174407e+003,6.174183e+003,4.658866e+001
2.741000e+001,6.142796e+003,6.170436e+003,6.170218e+003,-2.764001e+001
2.742000e+001,6.078520e+003,6.166468e+003,6.166256e+003,-8.794898e+001
2.743000e+001,5.935229e+003,6.162505e+003,6.162297e+003,-2.272762e+002
2.744000e+001,6.196704e+003,6.158544e+003,6.158342e+003,3.815966e+001
2.745000e+001,6.081821e+003,6.154588e+003,6.154390e+003,-7.276651e+001
2.746000e+001,6.088371e+003,6.150635e+003,6.150441e+003,-6.226415e+001
2.747000e+001,6.062679e+003,6.146685e+003,6.146496e+003,-8.400656e+001
2.748000e+001,6.029837e+003,6.142739e+003,6.142555e+003,-1.129019e+002
2.749000e+001,6.105783e+003,6.138797e+003,6.138616e+003,-3.301377e+001
2.750000e+001,6.025934e+003,6.134858e+003,6.134682e+003,-1.089245e+002
2.751000e+001,6.066567e+003,6.130923e+003,6.130750e+003,-6.435548e+001
2.752000e+001,6.013279e+003,6.126991e+003,6.126822e+003,-1.137123e+002
2.753000e+001,6.185174e+003,6.123063e+003,6.122898e+003,6.211086e+001
2.754000e+001,6.066160e+003,6.119138e+003,6.118976e+003,-5.297806e+001
2.755000e+001,6.163412e+003,6.115217e+003,6.115059e+003,4.819449e+001
2.756000e+001,6.076069e+003,6.111299e+003,6.111144e+003,-3.523018e+001
2.757000e+001,6.113407e+003,6.107385e+003,6.107233e+003,6.021839e+000
2.758000e+001,6.081630e+003,6.103475e+003,6.103326e+003,-2.184435e+001
2.759000e+001,5.924837e+003,6.099568e+003,6.099422e+003,-1.747307e+002
2.760000e+001,6.149518e+003,6.095664e+003,6.095521e+003,5.385405e+001
2.761000e+001,6.017912e+003,6.091764e+003,6.091624e+003,-7.385234e+001
2.762000e+001,6.113215e+003,6.087867e+003,6.087730e+003,2.534796e+001
2.763000e+001,6.240306e+003,6.083974e+003,6.083840e+003,1.563315e+002
2.764000e+001,6.061625e+003,6.080085e+003,6.079953e+003,-1.846009e+001
2.765000e+001,6.037962e+003,6.076198e+003,6.076069e+003,-3.823605e+001
2.766000e+001,6.015015e+003,6.072316e+003,6.072189e+003,-5.730069e+001
2.767000e+001,6.038360e+003,6.068437e+003,6.068312e+003,-3.007622e+001
2.768000e+001,6.066658e+003,6.064561e+003,6.064438e+003,2.097283e+000
2.769000e+001,6.169911e+003,6.060689e+003,6.060569e+003,1.092224e+002
2.770000e+001,6.112388e+003,6.056820e+003,6.056702e+003,5.556776e+001
2.771000e+001,5.848257e+003,6.052955e+003,6.052839e+003,-2.046974e+002
2.772000e+001,6.017963e+003,6.049093e+003,6.048979e+003,-3.112945e+001
2.773000e+001,6.002268e+003,6.045235e+003,6.045123e+003,-4.296641e+001
2.774000e+001,5.959927e+003,6.041380e+003,6.041270e+003,-8.145283e+001
2.775000e+001,5.922760e+003,6.037528e+003,6.037420e+003,-1.147679e+002
2.776000e+001,5.975306e+003,6.033680e+003,6.033574e+003,-5.837456e+001
2.777000e+001,5.982237e+003,6.029836e+003,6.029731e+003,-4.759896e+001
2.778000e+001,5.928037e+003,6.025995e+003,6.025892e+003,-9.795763e+001
2.779000e+001,5.913645e+003,6.022157e+003,6.022056e+003,-1.085126e+002
2.780000e+001,5.998594e+003,6.018323e+003,6.018224e+003,-1.972922e+001
2.781000e+001,5.968450e+003,6.014492e+003,6.014395e+003,-4.604215e+001
2.782000e+001,5.993273e+003,6.010665e+003,6.010569e+003,-1.739223e+001
2.783000e+001,5.964449e+003,6.006841e+003,6.006747e+003,-4.239216e+001
2.784000e+001,5.900659e+003,6.003021e+003,6.002928e+003,-1.023623e+002
2.785000e+001,5.957788e+003,5.999204e+003,5.999113e+003,-4.141608e+001
2.786000e+001,6.053377e+003,5.995391e+003,5.995301e+003,5.798624e+001
2.787000e+001,5.980389e+003,5.991581e+003,5.991492e+003,-1.119208e+001
2.788000e+001,5.836569e+003,5.987774e+003,5.987687e+003,-1.512050e+002
2.789000e+001,5.931247e+003,5.983971e+003,5.983885e+003,-5.272457e+001
2.790000e+001,5.984193e+003,5.980172e+003,5.980087e+003,4.021368e+000
2.791000e+001,5.943219e+003,5.977120e+003,5.976292e+003,-3.390072e+001
2.792000e+001,5.984926e+003,5.973330e+003,5.972501e+003,1.159624e+001
2.793000e+001,6.042315e+003,5.969543e+003,5.968713e+003,7.277184e+001
2.794000e+001,5.968350e+003,5.965759e+003,5.964928e+003,2.590380e+000
2.795000e+001,5.924052e+003,5.961979e+003,5.961147e+003,-3.792704e+001
2.796000e+001,5.879275e+003,5.958203e+003,5.957369e+003,-7.892732e+001
2.797000e+001,5.893464e+003,5.954430e+003,5.953594e+003,-6.096528e+001
2.798000e+001,5.959490e+003,5.950660e+003,5.949823e+003,8.830090e+000
2.799000e+001,5.955185e+003,5.947263e+003,5.946056e+003,7.921876e+000
2.800000e+001,5.997691e+003,5.943502e+003,5.942291e+003,5.418907e+001
2.801000e+001,6.055119e+003,5.939744e+003,5.938531e+003,1.153747e+002
2.802000e+001,5.947593e+003,5.935990e+003,5.934773e+003,1.160312e+001
2.803000e+001,5.890752e+003,5.932239e+003,5.931019e+003,-4.148697e+001
2.804000e+001,5.779667e+003,5.928492e+003,5.927269e+003,-1.488249e+002
2.805000e+001,5.955481e+003,5.924749e+003,5.923522e+003,3.073241e+001
2.806000e+001,5.770525e+003,5.921009e+003,5.919778e+003,-1.504842e+002
2.807000e+001,5.856770e+003,5.917273e+003,5.916038e+003,-6.050295e+001
2.808000e+001,6.009112e+003,5.913542e+003,5.912301e+003,9.557037e+001
2.809000e+001,6.027561e+003,5.909815e+003,5.908567e+003,1.177458e+002
2.810000e+001,5.860004e+003,5.906092e+003,5.904837e+003,-4.608811e+001
2.811000e+001,5.881452e+003,5.902374e+003,5.901110e+003,-2.092210e+001
2.812000e+001,5.934097e+003,5.898662e+003,5.897387e+003,3.543548e+001
2.813000e+001,5.845337e+003,5.894955e+003,5.893667e+003,-4.961770e+001
2.814000e+001,5.791530e+003,5.891255e+003,5.889951e+003,-9.972524e+001
2.815000e+001,5.939976e+003,5.887562e+003,5.886238e+003,5.241316e+001
2.816000e+001,5.863284e+003,5.883878e+003,5.882528e+003,-2.059418e+001
2.817000e+001,5.852446e+003,5.880204e+003,5.878822e+003,-2.775845e+001
2.818000e+001,5.884728e+003,5.876542e+003,5.875119e+003,8.186248e+000
2.819000e+001,5.827087e+003,5.872893e+003,5.871420e+003,-4.580559e+001
2.820000e+001,5.797851e+003,5.869261e+003,5.867724e+003,-7.140944e+001
2.821000e+001,5.817828e+003,5.865648e+003,5.864031e+003,-4.781944e+001
2.822000e+001,5.826967e+003,5.862058e+003,5.860342e+003,-3.509050e+001
2.823000e+001,5.868189e+003,5.858496e+003,5.856656e+003,9.693088e+000
2.824000e+001,5.902064e+003,5.854967e+003,5.852974e+003,4.709664e+001
2.825000e+001,5.874836e+003,5.851479e+003,5.849295e+003,2.335720e+001
2.826000e+001,5.848742e+003,5.848038e+003,5.845620e+003,7.045450e-001
2.827000e+001,5.733778e+003,5.844653e+003,5.841948e+003,-1.108750e+002
2.828000e+001,5.750470e+003,5.841336e+003,5.838279e+003,-9.086618e+001
2.829000e+001,5.868064e+003,5.838099e+003,5.834614e+003,2.996438e+001
2.830000e+001,6.008523e+003,5.834956e+003,5.830952e+003,1.735667e+002
2.831000e+001,5.842285e+003,5.831923e+003,5.827293e+003,1.036191e+001
2.832000e+001,5.891384e+003,5.829019e+003,5.823638e+003,6.236520e+001
2.833000e+001,5.918650e+003,5.826264e+003,5.819987e+003,9.238569e+001
2.834000e+001,5.764588e+003,5.823683e+003,5.816339e+003,-5.909525e+001
2.835000e+001,5.720603e+003,5.821302e+003,5.812694e+003,-1.006991e+002
2.836000e+001,5.821527e+003,5.819148e+003,5.809052e+003,2.378499e+000
2.837000e+001,5.756897e+003,5.817255e+003,5.805415e+003,-6.035824e+001
2.838000e+001,5.794662e+003,5.815656e+003,5.801780e+003,-2.099481e+001
2.839000e+001,5.816429e+003,5.814389e+003,5.798149e+003,2.040361e+000
2.840000e+001,5.898613e+003,5.813492e+003,5.794521e+003,8.512149e+001
2.841000e+001,5.811776e+003,5.813007e+003,5.790897e+003,-1.230310e+000
2.842000e+001,5.780673e+003,5.812977e+003,5.787276e+003,-3.230374e+001
2.843000e+001,5.842645e+003,5.813446e+003,5.783658e+003,2.919861e+001
2.844000e+001,5.662216e+003,5.814459e+003,5.780044e+003,-1.522431e+002
2.845000e+001,5.750483e+003,5.816062e+003,5.776434e+003,-6.557890e+001
2.846000e+001,5.754180e+003,5.818297e+003,5.772826e+003,-6.411675e+001
2.847000e+001,5.783515e+003,5.821207e+003,5.769223e+003,-3.769202e+001
2.848000e+001,5.825052e+003,5.824830e+003,5.765622e+003,2.221606e-001
2.849000e+001,5.797717e+003,5.829201e+003,5.762025e+003,-3.148334e+001
2.850000e+001,5.724372e+003,5.834349e+003,5.758432e+003,-1.099773e+002
2.851000e+001,5.890457e+003,5.840297e+003,5.754841e+003,5.015989e+001
2.852000e+001,5.914121e+003,5.847060e+003,5.751255e+003,6.706062e+001
2.853000e+001,5.855752e+003,5.854643e+003,5.747671e+003,1.108409e+000
2.854000e+001,5.837752e+003,5.863042e+003,5.744091e+003,-2.528924e+001
2.855000e+001,5.892302e+003,5.872239e+003,5.740515e+003,2.006288e+001
2.856000e+001,5.948980e+003,5.882207e+003,5.736942e+003,6.677217e+001
2.857000e+001,5.935362e+003,5.892904e+003,5.733372e+003,4.245824e+001
2.858000e+001,5.866435e+003,5.904272e+003,5.729806e+003,-3.783646e+001
2.859000e+001,6.027745e+003,5.916242e+003,5.726243e+003,1.115028e+002
2.860000e+001,5.928520e+003,5.928730e+003,5.722683e+003,-2.092835e-001
2.861000e+001,6.041126e+003,5.941636e+003,5.719127e+003,9.948970e+001
2.862000e+001,6.012675e+003,5.954848e+003,5.715574e+003,5.782679e+001
2.863000e+001,5.996409e+003,5.968241e+003,5.712025e+003,2.816770e+001
2.864000e+001,6.060688e+003,5.981680e+003,5.708479e+003,7.900750e+001
2.865000e+001,5.994550e+003,5.995017e+003,5.704937e+003,-4.676746e-001
2.866000e+001,5.995557e+003,6.008100e+003,5.701398e+003,-1.254294e+001
2.867000e+001,6.046234e+003,6.020768e+003,5.697862e+003,2.546620e+001
2.868000e+001,6.149432e+003,6.032859e+003,5.694330e+003,1.165729e+002
2.869000e+001,5.999621e+003,6.044210e+003,5.690801e+003,-4.458937e+001
2.870000e+001,6.085493e+003,6.054659e+003,5.687276e+003,3.083372e+001
2.871000e+001,5.981068e+003,6.064052e+003,5.683754e+003,-8.298409e+001
2.872000e+001,6.019826e+003,6.072240e+003,5.680235e+003,-5.241407e+001
2.873000e+001,6.114834e+003,6.079086e+003,5.676720e+003,3.574856e+001
2.874000e+001,6.008310e+003,6.084467e+003,5.673209e+003,-7.615701e+001
2.875000e+001,6.131803e+003,6.088256e+003,5.669700e+003,4.354700e+001
2.876000e+001,6.031635e+003,6.090403e+003,5.666195e+003,-5.876754e+001
2.877000e+001,6.098518e+003,6.090911e+003,5.662694e+003,7.606983e+000
2.878000e+001,6.040238e+003,6.090021e+003,5.659196e+003,-4.978281e+001
2.879000e+001,5.978151e+003,6.087718e+003,5.655701e+003,-1.095663e+002
2.880000e+001,5.971426e+003,6.083979e+003,5.652210e+003,-1.125524e+002
2.881000e+001,6.057732e+003,6.078796e+003,5.648722e+003,-2.106430e+001
2.882000e+001,6.042412e+003,6.072168e+003,5.645238e+003,-2.975605e+001
2.883000e+001,6.123741e+003,6.064135e+003,5.641757e+003,5.960528e+001
2.884000e+001,6.171605e+003,6.054742e+003,5.638279e+003,1.168627e+002
2.885000e+001,6.033820e+003,6.044186e+003,5.634805e+003,-1.036572e+001
2.886000e+001,5.979495e+003,6.032567e+003,5.631334e+003,-5.307259e+001
2.887000e+001,6.010204e+003,6.019955e+003,5.627867e+003,-9.751114e+000
2.888000e+001,6.028039e+003,6.006425e+003,5.624403e+003,2.161334e+001
2.889000e+001,6.095031e+003,5.992062e+003,5.620942e+003,1.029691e+002
2.890000e+001,6.111641e+003,5.976952e+003,5.617485e+003,1.346891e+002
2.891000e+001,6.180614e+003,5.961188e+003,5.614032e+003,2.194265e+002
2.892000e+001,5.975535e+003,5.944864e+003,5.610581e+003,3.067100e+001
2.893000e+001,6.091644e+003,5.928076e+003,5.607134e+003,1.635680e+002
2.894000e+001,6.066127e+003,5.910920e+003,5.603691e+003,1.552075e+002
2.895000e+001,5.935346e+003,5.893492e+003,5.600251e+003,4.185417e+001
2.896000e+001,5.849833e+003,5.875886e+003,5.596814e+003,-2.605307e+001
2.897000e+001,5.852526e+003,5.858191e+003,5.593381e+003,-5.664906e+000
2.898000e+001,5.771537e+003,5.840496e+003,5.589951e+003,-6.895910e+001
2.899000e+001,5.900514e+003,5.822883e+003,5.586525e+003,7.763104e+001
2.900000e+001,5.815988e+003,5.805428e+003,5.583102e+003,1.056001e+001
2.901000e+001,5.777780e+003,5.788203e+003,5.579682e+003,-1.042306e+001
2.902000e+001,5.741757e+003,5.771273e+003,5.576266e+003,-2.951602e+001
2.903000e+001,5.672654e+003,5.754696e+003,5.572853e+003,-8.204162e+001
2.904000e+001,5.761249e+003,5.738524e+003,5.569444e+003,2.272594e+001
2.905000e+001,5.826959e+003,5.722800e+003,5.566038e+003,1.041594e+002
2.906000e+001,5.705582e+003,5.707563e+003,5.562635e+003,-1.980846e+000
2.907000e+001,5.693012e+003,5.692842e+003,5.559236e+003,1.694214e-001
2.908000e+001,5.620983e+003,5.678662e+003,5.555841e+003,-5.767867e+001
2.909000e+001,5.745765e+003,5.665039e+003,5.552448e+003,8.072517e+001
2.910000e+001,5.592691e+003,5.651985e+003,5.549059e+003,-5.929404e+001
2.911000e+001,5.593869e+003,5.639505e+003,5.545674e+003,-4.563634e+001
2.912000e+001,5.635980e+003,5.627599e+003,5.542292e+003,8.380046e+000
2.913000e+001,5.517580e+003,5.616263e+003,5.538913e+003,-9.868311e+001
2.914000e+001,5.527875e+003,5.605486e+003,5.535538e+003,-7.761108e+001
2.915000e+001,5.554304e+003,5.595257e+003,5.532166e+003,-4.095246e+001
2.916000e+001,5.543775e+003,5.585558e+003,5.528798e+003,-4.178332e+001
2.917000e+001,5.529118e+003,5.576372e+003,5.525433e+003,-4.725359e+001
2.918000e+001,5.496314e+003,5.567676e+003,5.522071e+003,-7.136210e+001
2.919000e+001,5.497433e+003,5.559448e+003,5.518713e+003,-6.201497e+001
2.920000e+001,5.532082e+003,5.551663e+003,5.515358e+003,-1.958130e+001
2.921000e+001,5.512905e+003,5.544296e+003,5.512007e+003,-3.139115e+001
2.922000e+001,5.554673e+003,5.537322e+003,5.508659e+003,1.735166e+001
2.923000e+001,5.626437e+003,5.530713e+003,5.505314e+003,9.572421e+001
2.924000e+001,5.572938e+003,5.524444e+003,5.501973e+003,4.849402e+001
2.925000e+001,5.539031e+003,5.518490e+003,5.498636e+003,2.054167e+001
2.926000e+001,5.506643e+003,5.512825e+003,5.495301e+003,-6.181743e+000
2.927000e+001,5.479190e+003,5.507426e+003,5.491970e+003,-2.823511e+001
2.928000e+001,5.537042e+003,5.502269e+003,5.488643e+003,3.477350e+001
2.929000e+001,5.519816e+003,5.497332e+003,5.485319e+003,2.248458e+001
2.930000e+001,5.437708e+003,5.492595e+003,5.481998e+003,-5.488616e+001
2.931000e+001,5.469487e+003,5.488037e+003,5.478681e+003,-1.855016e+001
2.932000e+001,5.460401e+003,5.483642e+003,5.475367e+003,-2.324109e+001
2.933000e+001,5.517586e+003,5.479391e+003,5.472057e+003,3.819460e+001
2.934000e+001,5.472300e+003,5.475270e+003,5.468750e+003,-2.969996e+000
2.935000e+001,5.331966e+003,5.471263e+003,5.465446e+003,-1.392968e+002
2.936000e+001,5.474425e+003,5.467358e+003,5.462146e+003,7.066561e+000
2.937000e+001,5.473136e+003,5.463543e+003,5.458849e+003,9.592961e+000
2.938000e+001,5.538966e+003,5.459807e+003,5.455556e+003,7.915889e+001
2.939000e+001,5.563489e+003,5.456141e+003,5.452266e+003,1.073482e+002
2.940000e+001,5.405348e+003,5.452536e+003,5.448980e+003,-4.718798e+001
2.941000e+001,5.397441e+003,5.448983e+003,5.445696e+003,-5.154207e+001
2.942000e+001,5.439872e+003,5.445478e+003,5.442417e+003,-5.606049e+000
2.943000e+001,5.546846e+003,5.442012e+003,5.439140e+003,1.048335e+002
2.944000e+001,5.604006e+003,5.438582e+003,5.435868e+003,1.654240e+002
2.945000e+001,5.522051e+003,5.435182e+003,5.432598e+003,8.686934e+001
2.946000e+001,5.377636e+003,5.431809e+003,5.429332e+003,-5.417230e+001
2.947000e+001,5.494235e+003,5.428458e+003,5.426069e+003,6.577742e+001
2.948000e+001,5.486491e+003,5.425127e+003,5.422810e+003,6.136334e+001
2.949000e+001,5.419138e+003,5.421814e+003,5.419554e+003,-2.675856e+000
2.950000e+001,5.404504e+003,5.418516e+003,5.416302e+003,-1.401192e+001
2.951000e+001,5.373542e+003,5.415231e+003,5.413053e+003,-4.168876e+001
2.952000e+001,5.385791e+003,5.411957e+003,5.409807e+003,-2.616676e+001
2.953000e+001,5.373291e+003,5.408694e+003,5.406565e+003,-3.540343e+001
2.954000e+001,5.407921e+003,5.405440e+003,5.403327e+003,2.481281e+000
2.955000e+001,5.313220e+003,5.402193e+003,5.400091e+003,-8.897366e+001
2.956000e+001,5.423702e+003,5.398954e+003,5.396859e+003,2.474738e+001
2.957000e+001,5.461955e+003,5.395722e+003,5.393631e+003,6.623276e+001
2.958000e+001,5.428874e+003,5.392495e+003,5.390406e+003,3.637915e+001
2.959000e+001,5.408167e+003,5.389274e+003,5.387184e+003,1.889214e+001
2.960000e+001,5.397567e+003,5.386059e+003,5.383966e+003,1.150839e+001
2.961000e+001,5.495008e+003,5.382847e+003,5.380751e+003,1.121608e+002
2.962000e+001,5.340158e+003,5.379641e+003,5.377539e+003,-3.948328e+001
2.963000e+001,5.372219e+003,5.376439e+003,5.374331e+003,-4.219624e+000
2.964000e+001,5.352549e+003,5.373241e+003,5.371127e+003,-2.069154e+001
2.965000e+001,5.453264e+003,5.370047e+003,5.367925e+003,8.321683e+001
2.966000e+001,5.407624e+003,5.366857e+003,5.364728e+003,4.076668e+001
2.967000e+001,5.385012e+003,5.363671e+003,5.361533e+003,2.134160e+001
2.968000e+001,5.382296e+003,5.360488e+003,5.358342e+003,2.180778e+001
2.969000e+001,5.399915e+003,5.357309e+003,5.355155e+003,4.260527e+001
2.970000e+001,5.284960e+003,5.354134e+003,5.351971e+003,-6.917379e+001
2.971000e+001,5.358926e+003,5.350963e+003,5.348790e+003,7.963638e+000
2.972000e+001,5.269164e+003,5.347795e+003,5.345612e+003,-7.863061e+001
2.973000e+001,5.223674e+003,5.344630e+003,5.342439e+003,-1.209560e+002
2.974000e+001,5.339631e+003,5.341469e+003,5.339268e+003,-1.838564e+000
2.975000e+001,5.307825e+003,5.338312e+003,5.336101e+003,-3.048694e+001
2.976000e+001,5.311257e+003,5.335158e+003,5.332937e+003,-2.390103e+001
2.977000e+001,5.355422e+003,5.332008e+003,5.329777e+003,2.341437e+001
2.978000e+001,5.224966e+003,5.328861e+003,5.326620e+003,-1.038949e+002
2.979000e+001,5.316129e+003,5.325718e+003,5.323467e+003,-9.588527e+000
2.980000e+001,5.181466e+003,5.322578e+003,5.320317e+003,-1.411123e+002
2.981000e+001,5.342713e+003,5.319442e+003,5.317170e+003,2.327159e+001
2.982000e+001,5.351222e+003,5.316309e+003,5.314027e+003,3.491272e+001
2.983000e+001,5.281696e+003,5.313180e+003,5.310887e+003,-3.148385e+001
2.984000e+001,5.356739e+003,5.310054e+003,5.307751e+003,4.668550e+001
2.985000e+001,5.412528e+003,5.306931e+003,5.304618e+003,1.055969e+002
2.986000e+001,5.349127e+003,5.303813e+003,5.301488e+003,4.531393e+001
2.987000e+001,5.199143e+003,5.300697e+003,5.298362e+003,-1.015546e+002
2.988000e+001,5.229377e+003,5.297585e+003,5.295239e+003,-6.820790e+001
2.989000e+001,5.297567e+003,5.294477e+003,5.292120e+003,3.090008e+000
2.990000e+001,5.184991e+003,5.291372e+003,5.289004e+003,-1.063813e+002
2.991000e+001,5.276281e+003,5.288271e+003,5.285891e+003,-1.198925e+001
2.992000e+001,5.268975e+003,5.285173e+003,5.282782e+003,-1.619752e+001
2.993000e+001,5.282646e+003,5.282078e+003,5.279677e+003,5.678261e-001
2.994000e+001,5.235681e+003,5.278987e+003,5.276574e+003,-4.330652e+001
2.995000e+001,5.293393e+003,5.275900e+003,5.273476e+003,1.749334e+001
2.996000e+001,5.293337e+003,5.272816e+003,5.270380e+003,2.052160e+001
2.997000e+001,5.276358e+003,5.269735e+003,5.267288e+003,6.622575e+000
2.998000e+001,5.333241e+003,5.266658e+003,5.264199e+003,6.658285e+001
2.999000e+001,5.238829e+003,5.263585e+003,5.261114e+003,-2.475627e+001
3.000000e+001,5.202808e+003,5.260515e+003,5.258032e+003,-5.770678e+001
3.001000e+001,5.251111e+003,5.257448e+003,5.254954e+003,-6.337591e+000
3.002000e+001,5.257624e+003,5.254385e+003,5.251879e+003,3.238099e+000
3.003000e+001,5.230940e+003,5.251326e+003,5.248808e+003,-2.038641e+001
3.004000e+001,5.120354e+003,5.248270e+003,5.245739e+003,-1.279164e+002
3.005000e+001,5.338671e+003,5.245217e+003,5.242675e+003,9.345348e+001
3.006000e+001,5.344694e+003,5.242168e+003,5.239613e+003,1.025259e+002
3.007000e+001,5.297895e+003,5.239123e+003,5.236555e+003,5.877206e+001
3.008000e+001,5.205542e+003,5.236081e+003,5.233501e+003,-3.053946e+001
3.009000e+001,5.218614e+003,5.233042e+003,5.230450e+003,-1.442868e+001
3.010000e+001,5.259649e+003,5.230007e+003,5.227402e+003,2.964140e+001
3.011000e+001,5.330182e+003,5.226976e+003,5.224358e+003,1.032061e+002
3.012000e+001,5.146596e+003,5.223948e+003,5.221317e+003,-7.735236e+001
3.013000e+001,5.321420e+003,5.220924e+003,5.218280e+003,1.004963e+002
3.014000e+001,5.206230e+003,5.217903e+003,5.215246e+003,-1.167265e+001
3.015000e+001,5.235590e+003,5.214885e+003,5.212215e+003,2.070509e+001
3.016000e+001,5.281520e+003,5.211871e+003,5.209188e+003,6.964872e+001
3.017000e+001,5.251711e+003,5.208861e+003,5.206164e+003,4.285054e+001
3.018000e+001,5.349133e+003,5.205854e+003,5.203144e+003,1.432793e+002
3.019000e+001,5.278426e+003,5.202851e+003,5.200127e+003,7.557573e+001
3.020000e+001,5.258308e+003,5.199851e+003,5.197113e+003,5.845691e+001
3.021000e+001,5.177817e+003,5.196854e+003,5.194103e+003,-1.903692e+001
3.022000e+001,5.228487e+003,5.193861e+003,5.191096e+003,3.462532e+001
3.023000e+001,5.210423e+003,5.190872e+003,5.188093e+003,1.955075e+001
3.024000e+001,5.155598e+003,5.187886e+003,5.185093e+003,-3.228864e+001
3.025000e+001,5.139769e+003,5.184904e+003,5.182096e+003,-4.513545e+001
3.026000e+001,5.216251e+003,5.181925e+003,5.179103e+003,3.432522e+001
3.027000e+001,5.332520e+003,5.178950e+003,5.176114e+003,1.535695e+002
3.028000e+001,5.149425e+003,5.175978e+003,5.173127e+003,-2.655350e+001
3.029000e+001,5.138127e+003,5.173010e+003,5.170145e+003,-3.488270e+001
3.030000e+001,5.140162e+003,5.170045e+003,5.167165e+003,-2.988382e+001
3.031000e+001,5.166347e+003,5.167084e+003,5.164189e+003,-7.375722e-001
3.032000e+001,5.292574e+003,5.164127e+003,5.161217e+003,1.284476e+002
3.033000e+001,5.157242e+003,5.161173e+003,5.158247e+003,-3.930356e+000
3.034000e+001,5.130210e+003,5.158222e+003,5.155282e+003,-2.801199e+001
3.035000e+001,5.035878e+003,5.155275e+003,5.152319e+003,-1.193966e+002
3.036000e+001,4.996666e+003,5.152331e+003,5.149360e+003,-1.556655e+002
3.037000e+001,5.136785e+003,5.149391e+003,5.146405e+003,-1.260679e+001
3.038000e+001,5.177310e+003,5.146455e+003,5.143453e+003,3.085504e+001
3.039000e+001,5.106309e+003,5.143522e+003,5.140504e+003,-3.721357e+001
3.040000e+001,5.092953e+003,5.140593e+003,5.137558e+003,-4.763971e+001
3.041000e+001,5.133757e+003,5.137667e+003,5.134617e+003,-3.909689e+000
3.042000e+001,5.006271e+003,5.134745e+003,5.131678e+003,-1.284732e+002
3.043000e+001,5.201018e+003,5.132239e+003,5.128743e+003,6.877875e+001
3.044000e+001,5.015596e+003,5.129327e+003,5.125811e+003,-1.137309e+002
3.045000e+001,5.175230e+003,5.126419e+003,5.122883e+003,4.881150e+001
3.046000e+001,5.041072e+003,5.123513e+003,5.119958e+003,-8.244114e+001
3.047000e+001,5.222951e+003,5.120612e+003,5.117037e+003,1.023387e+002
3.048000e+001,5.115173e+003,5.117714e+003,5.114119e+003,-2.540772e+000
3.049000e+001,4.970791e+003,5.114820e+003,5.111204e+003,-1.440288e+002
3.050000e+001,5.084741e+003,5.111929e+003,5.108293e+003,-2.718834e+001
3.051000e+001,5.043694e+003,5.109247e+003,5.105385e+003,-6.555235e+001
3.052000e+001,5.230409e+003,5.106365e+003,5.102481e+003,1.240446e+002
3.053000e+001,5.213604e+003,5.103486e+003,5.099580e+003,1.101179e+002
3.054000e+001,5.240813e+003,5.100611e+003,5.096682e+003,1.402012e+002
3.055000e+001,5.120057e+003,5.097740e+003,5.093788e+003,2.231658e+001
3.056000e+001,5.175927e+003,5.094872e+003,5.090897e+003,8.105440e+001
3.057000e+001,5.061020e+003,5.092008e+003,5.088010e+003,-3.098889e+001
3.058000e+001,5.031434e+003,5.089148e+003,5.085126e+003,-5.771441e+001
3.059000e+001,4.998633e+003,5.086291e+003,5.082246e+003,-8.765795e+001
3.060000e+001,5.202044e+003,5.083438e+003,5.079369e+003,1.186058e+002
3.061000e+001,5.073846e+003,5.080589e+003,5.076495e+003,-6.742910e+000
3.062000e+001,5.083149e+003,5.077743e+003,5.073625e+003,5.406665e+000
3.063000e+001,5.008082e+003,5.074900e+003,5.070758e+003,-6.681899e+001
3.064000e+001,5.029474e+003,5.072062e+003,5.067895e+003,-4.258829e+001
3.065000e+001,5.081171e+003,5.069227e+003,5.065035e+003,1.194447e+001
3.066000e+001,5.068037e+003,5.066396e+003,5.062178e+003,1.640996e+000
3.067000e+001,5.183498e+003,5.063568e+003,5.059325e+003,1.199297e+002
3.068000e+001,5.191806e+003,5.060744e+003,5.056475e+003,1.310623e+002
3.069000e+001,5.070809e+003,5.057924e+003,5.053629e+003,1.288508e+001
3.070000e+001,5.053276e+003,5.055107e+003,5.050786e+003,-1.830396e+000
3.071000e+001,5.103858e+003,5.052294e+003,5.047946e+003,5.156467e+001
3.072000e+001,5.110061e+003,5.049484e+003,5.045110e+003,6.057718e+001
3.073000e+001,5.129993e+003,5.046679e+003,5.042277e+003,8.331412e+001
3.074000e+001,5.107867e+003,5.043877e+003,5.039448e+003,6.399019e+001
3.075000e+001,4.982462e+003,5.041078e+003,5.036622e+003,-5.861620e+001
3.076000e+001,4.993998e+003,5.038283e+003,5.033800e+003,-4.428577e+001
3.077000e+001,5.075910e+003,5.035492e+003,5.030981e+003,4.041739e+001
3.078000e+001,5.066182e+003,5.032705e+003,5.028165e+003,3.347716e+001
3.079000e+001,5.080606e+003,5.029921e+003,5.025353e+003,5.068425e+001
3.080000e+001,5.022595e+003,5.027141e+003,5.022544e+003,-4.546541e+000
3.081000e+001,5.082275e+003,5.024365e+003,5.019738e+003,5.791047e+001
3.082000e+001,5.001542e+003,5.021592e+003,5.016936e+003,-2.005081e+001
3.083000e+001,4.869249e+003,5.018823e+003,5.014138e+003,-1.495739e+002
3.084000e+001,4.936915e+003,5.016058e+003,5.011343e+003,-7.914317e+001
3.085000e+001,5.036168e+003,5.013297e+003,5.008551e+003,2.287134e+001
3.086000e+001,5.054657e+003,5.010539e+003,5.005762e+003,4.411834e+001
3.087000e+001,4.968130e+003,5.007785e+003,5.002978e+003,-3.965437e+001
3.088000e+001,5.139336e+003,5.005034e+003,5.000196e+003,1.343015e+002
3.089000e+001,5.170606e+003,5.002288e+003,4.997418e+003,1.683186e+002
3.090000e+001,5.064448e+003,4.999545e+003,4.994643e+003,6.490337e+001
3.091000e+001,5.130827e+003,4.996806e+003,4.991872e+003,1.340215e+002
3.092000e+001,5.016671e+003,4.994070e+003,4.989104e+003,2.260072e+001
3.093000e+001,4.950263e+003,4.991338e+003,4.986339e+003,-4.107527e+001
3.094000e+001,4.940613e+003,4.988610e+003,4.983578e+003,-4.799720e+001
3.095000e+001,5.019666e+003,4.985886e+003,4.980821e+003,3.377973e+001
3.096000e+001,5.010481e+003,4.983166e+003,4.978067e+003,2.731519e+001
3.097000e+001,4.990233e+003,4.980449e+003,4.975316e+003,9.784305e+000
3.098000e+001,4.907193e+003,4.977736e+003,4.972568e+003,-7.054275e+001
3.099000e+001,5.061535e+003,4.975027e+003,4.969824e+003,8.650773e+001
3.100000e+001,4.998335e+003,4.972322e+003,4.967084e+003,2.601384e+001
3.101000e+001,4.918663e+003,4.969620e+003,4.964347e+003,-5.095683e+001
3.102000e+001,4.918627e+003,4.966922e+003,4.961613e+003,-4.829559e+001
3.103000e+001,4.950132e+003,4.964228e+003,4.958882e+003,-1.409573e+001
3.104000e+001,4.805517e+003,4.961538e+003,4.956155e+003,-1.560212e+002
3.105000e+001,4.978450e+003,4.958851e+003,4.953432e+003,1.959839e+001
3.106000e+001,4.975248e+003,4.956169e+003,4.950712e+003,1.907984e+001
3.107000e+001,5.106767e+003,4.953490e+003,4.947995e+003,1.532768e+002
3.108000e+001,4.979734e+003,4.950815e+003,4.945282e+003,2.891962e+001
3.109000e+001,5.034634e+003,4.948144e+003,4.942572e+003,8.649022e+001
3.110000e+001,4.986184e+003,4.945476e+003,4.939865e+003,4.070790e+001
3.111000e+001,4.952345e+003,4.942813e+003,4.937162e+003,9.532037e+000
3.112000e+001,4.970639e+003,4.940153e+003,4.934463e+003,3.048573e+001
3.113000e+001,4.951926e+003,4.937497e+003,4.931767e+003,1.442869e+001
3.114000e+001,4.906701e+003,4.934845e+003,4.929074e+003,-2.814442e+001
3.115000e+001,4.829964e+003,4.932197e+003,4.926384e+003,-1.022331e+002
3.116000e+001,4.932458e+003,4.929553e+003,4.923698e+003,2.905281e+000
3.117000e+001,4.819875e+003,4.926912e+003,4.921016e+003,-1.070373e+002
3.118000e+001,4.988592e+003,4.924276e+003,4.918337e+003,6.431598e+001
3.119000e+001,5.055981e+003,4.921643e+003,4.915661e+003,1.343382e+002
3.120000e+001,5.022473e+003,4.919014e+003,4.912988e+003,1.034582e+002
3.121000e+001,4.926755e+003,4.916390e+003,4.910319e+003,1.036524e+001
3.122000e+001,4.892544e+003,4.913769e+003,4.907654e+003,-2.122485e+001
3.123000e+001,4.883936e+003,4.911152e+003,4.904992e+003,-2.721527e+001
3.124000e+001,4.835725e+003,4.908539e+003,4.902333e+003,-7.281411e+001
3.125000e+001,4.917517e+003,4.905930e+003,4.899678e+003,1.158701e+001
3.126000e+001,4.969952e+003,4.903324e+003,4.897026e+003,6.662729e+001
3.127000e+001,4.949725e+003,4.900723e+003,4.894378e+003,4.900192e+001
3.128000e+001,4.847282e+003,4.898126e+003,4.891732e+003,-5.084372e+001
3.129000e+001,4.974988e+003,4.895533e+003,4.889091e+003,7.945567e+001
3.130000e+001,4.870086e+003,4.892943e+003,4.886453e+003,-2.285741e+001
3.131000e+001,4.877551e+003,4.890358e+003,4.883818e+003,-1.280719e+001
3.132000e+001,4.932883e+003,4.887777e+003,4.881186e+003,4.510614e+001
3.133000e+001,4.913568e+003,4.885199e+003,4.878558e+003,2.836906e+001
3.134000e+001,4.891240e+003,4.882626e+003,4.875934e+003,8.614158e+000
3.135000e+001,4.864058e+003,4.880057e+003,4.873313e+003,-1.599867e+001
3.136000e+001,4.806486e+003,4.877492e+003,4.870695e+003,-7.100573e+001
3.137000e+001,4.865282e+003,4.874930e+003,4.868081e+003,-9.648644e+000
3.138000e+001,4.812690e+003,4.872373e+003,4.865470e+003,-5.968282e+001
3.139000e+001,4.994348e+003,4.869820e+003,4.862862e+003,1.245279e+002
3.140000e+001,4.845985e+003,4.867271e+003,4.860258e+003,-2.128578e+001
3.141000e+001,4.841308e+003,4.864726e+003,4.857657e+003,-2.341820e+001
3.142000e+001,4.807608e+003,4.862186e+003,4.855060e+003,-5.457762e+001
3.143000e+001,4.870873e+003,4.859649e+003,4.852466e+003,1.122375e+001
3.144000e+001,4.843393e+003,4.857116e+003,4.849876e+003,-1.372372e+001
3.145000e+001,4.817702e+003,4.854588e+003,4.847289e+003,-3.688582e+001
3.146000e+001,4.771880e+003,4.852064e+003,4.844705e+003,-8.018379e+001
3.147000e+001,4.825048e+003,4.849544e+003,4.842125e+003,-2.449571e+001
3.148000e+001,4.839892e+003,4.847028e+003,4.839548e+003,-7.135621e+000
3.149000e+001,4.846793e+003,4.844516e+003,4.836975e+003,2.277477e+000
3.150000e+001,4.797574e+003,4.842009e+003,4.834405e+003,-4.443483e+001
3.151000e+001,4.739377e+003,4.839505e+003,4.831838e+003,-1.001283e+002
3.152000e+001,4.829814e+003,4.837006e+003,4.829275e+003,-7.192739e+000
3.153000e+001,4.998152e+003,4.834511e+003,4.826715e+003,1.636404e+002
3.154000e+001,4.903659e+003,4.832021e+003,4.824159e+003,7.163825e+001
3.155000e+001,4.747533e+003,4.829535e+003,4.821606e+003,-8.200153e+001
3.156000e+001,4.822104e+003,4.827053e+003,4.819056e+003,-4.949305e+000
3.157000e+001,4.761226e+003,4.824575e+003,4.816510e+003,-6.334910e+001
3.158000e+001,4.803045e+003,4.822102e+003,4.813967e+003,-1.905702e+001
3.159000e+001,4.841659e+003,4.819633e+003,4.811428e+003,2.202570e+001
3.160000e+001,4.821775e+003,4.817168e+003,4.808892e+003,4.606956e+000
3.161000e+001,4.874056e+003,4.814708e+003,4.806360e+003,5.934792e+001
3.162000e+001,4.789674e+003,4.812253e+003,4.803831e+003,-2.257822e+001
3.163000e+001,4.811108e+003,4.809801e+003,4.801305e+003,1.306720e+000
3.164000e+001,4.776921e+003,4.807354e+003,4.798783e+003,-3.043339e+001
3.165000e+001,4.903778e+003,4.804912e+003,4.796264e+003,9.886644e+001
3.166000e+001,4.716958e+003,4.802474e+003,4.793749e+003,-8.551642e+001
3.167000e+001,4.769843e+003,4.800040e+003,4.791237e+003,-3.019769e+001
3.168000e+001,4.772766e+003,4.797612e+003,4.788728e+003,-2.484549e+001
3.169000e+001,4.832969e+003,4.795187e+003,4.786223e+003,3.778196e+001
3.170000e+001,4.867241e+003,4.792767e+003,4.783721e+003,7.447324e+001
3.171000e+001,4.747649e+003,4.790352e+003,4.781223e+003,-4.270288e+001
3.172000e+001,4.802238e+003,4.787942e+003,4.778728e+003,1.429657e+001
3.173000e+001,4.749685e+003,4.785536e+003,4.776237e+003,-3.585122e+001
3.174000e+001,4.697029e+003,4.783135e+003,4.773748e+003,-8.610529e+001
3.175000e+001,4.714391e+003,4.780738e+003,4.771264e+003,-6.634696e+001
3.176000e+001,4.775635e+003,4.778346e+003,4.768782e+003,-2.711451e+000
3.177000e+001,4.808058e+003,4.775959e+003,4.766305e+003,3.209890e+001
3.178000e+001,4.800204e+003,4.773577e+003,4.763830e+003,2.662717e+001
3.179000e+001,4.734208e+003,4.771199e+003,4.761359e+003,-3.699148e+001
3.180000e+001,4.682411e+003,4.768827e+003,4.758892e+003,-8.641577e+001
3.181000e+001,4.792806e+003,4.766459e+003,4.756427e+003,2.634656e+001
3.182000e+001,4.896568e+003,4.764096e+003,4.753966e+003,1.324721e+002
3.183000e+001,4.819597e+003,4.761738e+003,4.751509e+003,5.785878e+001
3.184000e+001,4.787606e+003,4.759386e+003,4.749055e+003,2.821999e+001
3.185000e+001,4.851899e+003,4.757038e+003,4.746605e+003,9.486179e+001
3.186000e+001,4.863504e+003,4.754695e+003,4.744157e+003,1.088096e+002
3.187000e+001,4.838188e+003,4.752357e+003,4.741714e+003,8.583052e+001
3.188000e+001,4.821219e+003,4.750024e+003,4.739273e+003,7.119488e+001
3.189000e+001,4.784182e+003,4.747697e+003,4.736836e+003,3.648527e+001
3.190000e+001,4.671458e+003,4.745375e+003,4.734403e+003,-7.391704e+001
3.191000e+001,4.744952e+003,4.743057e+003,4.731973e+003,1.894202e+000
3.192000e+001,4.733877e+003,4.740746e+003,4.729546e+003,-6.869240e+000
3.193000e+001,4.666236e+003,4.738439e+003,4.727123e+003,-7.220351e+001
3.194000e+001,4.642814e+003,4.736138e+003,4.724703e+003,-9.332477e+001
3.195000e+001,4.717966e+003,4.733843e+003,4.722287e+003,-1.587685e+001
3.196000e+001,4.651409e+003,4.731553e+003,4.719874e+003,-8.014330e+001
3.197000e+001,4.782210e+003,4.729268e+003,4.717464e+003,5.294211e+001
3.198000e+001,4.646964e+003,4.726989e+003,4.715058e+003,-8.002445e+001
3.199000e+001,4.601002e+003,4.724715e+003,4.712655e+003,-1.237130e+002
3.200000e+001,4.662420e+003,4.722448e+003,4.710256e+003,-6.002784e+001
3.201000e+001,4.575892e+003,4.720186e+003,4.707860e+003,-1.442937e+002
3.202000e+001,4.775458e+003,4.717930e+003,4.705467e+003,5.752838e+001
3.203000e+001,4.628422e+003,4.715679e+003,4.703078e+003,-8.725744e+001
3.204000e+001,4.622953e+003,4.713435e+003,4.700692e+003,-9.048189e+001
3.205000e+001,4.708435e+003,4.711197e+003,4.698310e+003,-2.761549e+000
3.206000e+001,4.588411e+003,4.708964e+003,4.695931e+003,-1.205533e+002
3.207000e+001,4.674187e+003,4.706738e+003,4.693555e+003,-3.255125e+001
3.208000e+001,4.559973e+003,4.704518e+003,4.691183e+003,-1.445452e+002
3.209000e+001,4.791177e+003,4.702305e+003,4.688815e+003,8.887206e+001
3.210000e+001,4.753013e+003,4.700098e+003,4.686449e+003,5.291569e+001
3.211000e+001,4.723214e+003,4.697897e+003,4.684087e+003,2.531767e+001
3.212000e+001,4.759816e+003,4.695703e+003,4.681729e+003,6.411389e+001
3.213000e+001,4.732602e+003,4.693515e+003,4.679374e+003,3.908668e+001
3.214000e+001,4.753944e+003,4.691334e+003,4.677022e+003,6.260974e+001
3.215000e+001,4.810161e+003,4.689160e+003,4.674674e+003,1.210011e+002
3.216000e+001,4.796039e+003,4.686993e+003,4.672329e+003,1.090457e+002
3.217000e+001,4.736589e+003,4.684833e+003,4.669988e+003,5.175606e+001
3.218000e+001,4.739344e+003,4.682680e+003,4.667650e+003,5.666389e+001
3.219000e+001,4.775436e+003,4.680534e+003,4.665315e+003,9.490227e+001
3.220000e+001,4.716752e+003,4.678396e+003,4.662984e+003,3.835647e+001
3.221000e+001,4.799297e+003,4.676265e+003,4.660657e+003,1.230323e+002
3.222000e+001,4.761205e+003,4.674142e+003,4.658332e+003,8.706316e+001
3.223000e+001,4.776766e+003,4.672027e+003,4.656011e+003,1.047391e+002
3.224000e+001,4.659851e+003,4.669919e+003,4.653694e+003,-1.006840e+001
3.225000e+001,4.642520e+003,4.667820e+003,4.651380e+003,-2.529903e+001
3.226000e+001,4.490951e+003,4.665728e+003,4.649069e+003,-1.747771e+002
3.227000e+001,4.702407e+003,4.663645e+003,4.646762e+003,3.876136e+001
3.228000e+001,4.647406e+003,4.661571e+003,4.644458e+003,-1.416466e+001
3.229000e+001,4.810806e+003,4.659505e+003,4.642158e+003,1.513004e+002
3.230000e+001,4.732700e+003,4.657448e+003,4.639861e+003,7.525173e+001
3.231000e+001,4.692614e+003,4.655401e+003,4.637567e+003,3.721355e+001
3.232000e+001,4.640142e+003,4.653362e+003,4.635277e+003,-1.322021e+001
3.233000e+001,4.655587e+003,4.651333e+003,4.632990e+003,4.254047e+000
3.234000e+001,4.616621e+003,4.649314e+003,4.630707e+003,-3.269351e+001
3.235000e+001,4.571843e+003,4.647305e+003,4.628427e+003,-7.546201e+001
3.236000e+001,4.540727e+003,4.645306e+003,4.626150e+003,-1.045786e+002
3.237000e+001,4.607425e+003,4.643317e+003,4.623877e+003,-3.589173e+001
3.238000e+001,4.576711e+003,4.641339e+003,4.621607e+003,-6.462768e+001
3.239000e+001,4.668516e+003,4.639372e+003,4.619341e+003,2.914397e+001
3.240000e+001,4.526436e+003,4.637416e+003,4.617078e+003,-1.109805e+002
3.241000e+001,4.668911e+003,4.635472e+003,4.614818e+003,3.343865e+001
3.242000e+001,4.584558e+003,4.633540e+003,4.612562e+003,-4.898227e+001
3.243000e+001,4.577453e+003,4.631621e+003,4.610310e+003,-5.416749e+001
3.244000e+001,4.698273e+003,4.629713e+003,4.608060e+003,6.855991e+001
3.245000e+001,4.567891e+003,4.627819e+003,4.605815e+003,-5.992885e+001
3.246000e+001,4.606457e+003,4.625939e+003,4.603572e+003,-1.948191e+001
3.247000e+001,4.580220e+003,4.624072e+003,4.601333e+003,-4.385209e+001
3.248000e+001,4.708087e+003,4.622220e+003,4.599098e+003,8.586682e+001
3.249000e+001,4.651179e+003,4.620383e+003,4.596865e+003,3.079594e+001
3.250000e+001,4.616051e+003,4.618561e+003,4.594637e+003,-2.509562e+000
3.251000e+001,4.590746e+003,4.616755e+003,4.592411e+003,-2.600935e+001
3.252000e+001,4.582060e+003,4.614966e+003,4.590189e+003,-3.290603e+001
3.253000e+001,4.654288e+003,4.613194e+003,4.587971e+003,4.109458e+001
3.254000e+001,4.718293e+003,4.611439e+003,4.585756e+003,1.068537e+002
3.255000e+001,4.747323e+003,4.609704e+003,4.583544e+003,1.376191e+002
3.256000e+001,4.639037e+003,4.607988e+003,4.581336e+003,3.104953e+001
3.257000e+001,4.575601e+003,4.606292e+003,4.579131e+003,-3.069053e+001
3.258000e+001,4.551243e+003,4.604617e+003,4.576929e+003,-5.337410e+001
3.259000e+001,4.613164e+003,4.602964e+003,4.574731e+003,1.020005e+001
3.260000e+001,4.562799e+003,4.601334e+003,4.572536e+003,-3.853559e+001
3.261000e+001,4.638552e+003,4.599729e+003,4.570345e+003,3.882288e+001
3.262000e+001,4.540722e+003,4.598149e+003,4.568157e+003,-5.742713e+001
3.263000e+001,4.682251e+003,4.596595e+003,4.565973e+003,8.565561e+001
3.264000e+001,4.519374e+003,4.595070e+003,4.563792e+003,-7.569598e+001
3.265000e+001,4.539479e+003,4.593574e+003,4.561614e+003,-5.409507e+001
3.266000e+001,4.574868e+003,4.592109e+003,4.559440e+003,-1.724109e+001
3.267000e+001,4.571072e+003,4.590677e+003,4.557269e+003,-1.960557e+001
3.268000e+001,4.587708e+003,4.589280e+003,4.555102e+003,-1.571712e+000
3.269000e+001,4.636746e+003,4.587920e+003,4.552938e+003,4.882574e+001
3.270000e+001,4.550924e+003,4.586599e+003,4.550777e+003,-3.567427e+001
3.271000e+001,4.670202e+003,4.585319e+003,4.548620e+003,8.488292e+001
3.272000e+001,4.583293e+003,4.584083e+003,4.546467e+003,-7.901472e-001
3.273000e+001,4.479395e+003,4.582895e+003,4.544316e+003,-1.034996e+002
3.274000e+001,4.540665e+003,4.581756e+003,4.542169e+003,-4.109137e+001
3.275000e+001,4.539960e+003,4.580672e+003,4.540026e+003,-4.071154e+001
3.276000e+001,4.505190e+003,4.579645e+003,4.537886e+003,-7.445572e+001
3.277000e+001,4.574736e+003,4.578680e+003,4.535749e+003,-3.944663e+000
3.278000e+001,4.559685e+003,4.577782e+003,4.533616e+003,-1.809782e+001
3.279000e+001,4.623661e+003,4.576956e+003,4.531486e+003,4.670478e+001
3.280000e+001,4.616980e+003,4.576208e+003,4.529360e+003,4.077149e+001
3.281000e+001,4.579432e+003,4.575544e+003,4.527237e+003,3.888149e+000
3.282000e+001,4.574554e+003,4.574971e+003,4.525117e+003,-4.172006e-001
3.283000e+001,4.514973e+003,4.574498e+003,4.523001e+003,-5.952576e+001
3.284000e+001,4.609878e+003,4.574134e+003,4.520888e+003,3.574367e+001
3.285000e+001,4.588210e+003,4.573889e+003,4.518779e+003,1.432056e+001
3.286000e+001,4.571574e+003,4.573774e+003,4.516673e+003,-2.199974e+000
3.287000e+001,4.572636e+003,4.573803e+003,4.514570e+003,-1.166812e+000
3.288000e+001,4.597123e+003,4.573990e+003,4.512471e+003,2.313316e+001
3.289000e+001,4.453770e+003,4.574353e+003,4.510375e+003,-1.205826e+002
3.290000e+001,4.584535e+003,4.574911e+003,4.508283e+003,9.623903e+000
3.291000e+001,4.545218e+003,4.575686e+003,4.506194e+003,-3.046735e+001
3.292000e+001,4.598723e+003,4.576703e+003,4.504109e+003,2.201970e+001
3.293000e+001,4.509276e+003,4.577994e+003,4.502027e+003,-6.871795e+001
3.294000e+001,4.510984e+003,4.579592e+003,4.499948e+003,-6.860724e+001
3.295000e+001,4.656804e+003,4.581537e+003,4.497873e+003,7.526694e+001
3.296000e+001,4.631197e+003,4.583878e+003,4.495801e+003,4.731908e+001
3.297000e+001,4.601851e+003,4.586671e+003,4.493733e+003,1.518003e+001
3.298000e+001,4.471739e+003,4.589981e+003,4.491668e+003,-1.182419e+002
3.299000e+001,4.404601e+003,4.593888e+003,4.489606e+003,-1.892865e+002
3.300000e+001,4.559567e+003,4.598486e+003,4.487548e+003,-3.891821e+001
3.301000e+001,4.559296e+003,4.603887e+003,4.485493e+003,-4.459082e+001
3.302000e+001,4.660212e+003,4.610227e+003,4.483442e+003,4.998567e+001
3.303000e+001,4.549853e+003,4.617663e+003,4.481394e+003,-6.781083e+001
3.304000e+001,4.615097e+003,4.626384e+003,4.479349e+003,-1.128710e+001
3.305000e+001,4.665343e+003,4.636604e+003,4.477308e+003,2.873878e+001
3.306000e+001,4.659911e+003,4.648569e+003,4.475270e+003,1.134169e+001
3.307000e+001,4.681473e+003,4.662552e+003,4.473236e+003,1.892143e+001
3.308000e+001,4.795297e+003,4.678855e+003,4.471205e+003,1.164421e+002
3.309000e+001,4.671290e+003,4.697823e+003,4.469178e+003,-2.653311e+001
3.310000e+001,4.825048e+003,4.719867e+003,4.467154e+003,1.051809e+002
3.311000e+001,4.930074e+003,4.745535e+003,4.465133e+003,1.845389e+002
3.312000e+001,4.684588e+003,4.775619e+003,4.463116e+003,-9.103065e+001
3.313000e+001,4.786708e+003,4.811312e+003,4.461102e+003,-2.460456e+001
3.314000e+001,4.826535e+003,4.854385e+003,4.459092e+003,-2.785042e+001
3.315000e+001,4.805373e+003,4.907287e+003,4.457085e+003,-1.019140e+002
3.316000e+001,4.930523e+003,4.972972e+003,4.455081e+003,-4.244985e+001
3.317000e+001,5.011355e+003,5.054115e+003,4.453081e+003,-4.275973e+001
3.318000e+001,5.111590e+003,5.151210e+003,4.451084e+003,-3.962055e+001
3.319000e+001,5.215284e+003,5.259343e+003,4.449091e+003,-4.405900e+001
3.320000e+001,5.318494e+003,5.364767e+003,4.447101e+003,-4.627299e+001
3.321000e+001,5.455519e+003,5.445388e+003,4.445114e+003,1.013058e+001
3.322000e+001,5.489399e+003,5.480729e+003,4.443131e+003,8.670530e+000
3.323000e+001,5.607794e+003,5.490765e+003,4.441151e+003,1.170286e+002
3.324000e+001,5.620183e+003,5.491736e+003,4.439175e+003,1.284469e+002
3.325000e+001,5.722023e+003,5.487623e+003,4.437202e+003,2.344005e+002
3.326000e+001,5.719034e+003,5.482702e+003,4.435233e+003,2.363318e+002
3.327000e+001,5.497150e+003,5.479583e+003,4.433267e+003,1.756779e+001
3.328000e+001,5.382863e+003,5.476837e+003,4.431304e+003,-9.397421e+001
3.329000e+001,5.470542e+003,5.467605e+003,4.429345e+003,2.936933e+000
3.330000e+001,5.404488e+003,5.441785e+003,4.427389e+003,-3.729707e+001
3.331000e+001,5.337273e+003,5.397761e+003,4.425437e+003,-6.048857e+001
3.332000e+001,5.313612e+003,5.349810e+003,4.423488e+003,-3.619784e+001
3.333000e+001,5.221617e+003,5.299802e+003,4.421542e+003,-7.818513e+001
3.334000e+001,5.280307e+003,5.248968e+003,4.419600e+003,3.133947e+001
3.335000e+001,5.231943e+003,5.198627e+003,4.417661e+003,3.331561e+001
3.336000e+001,5.053903e+003,5.149986e+003,4.415726e+003,-9.608277e+001
3.337000e+001,4.987479e+003,5.103979e+003,4.413794e+003,-1.165005e+002
3.338000e+001,4.992020e+003,5.061206e+003,4.411865e+003,-6.918599e+001
3.339000e+001,4.811659e+003,5.021943e+003,4.409940e+003,-2.102846e+002
3.340000e+001,4.752660e+003,4.986203e+003,4.408019e+003,-2.335425e+002
3.341000e+001,4.918565e+003,4.953809e+003,4.406100e+003,-3.524403e+001
3.342000e+001,4.814144e+003,4.924475e+003,4.404185e+003,-1.103306e+002
3.343000e+001,4.784851e+003,4.897862e+003,4.402274e+003,-1.130111e+002
3.344000e+001,4.730873e+003,4.873626e+003,4.400366e+003,-1.427538e+002
3.345000e+001,4.635014e+003,4.851448e+003,4.398461e+003,-2.164338e+002
3.346000e+001,4.669560e+003,4.831045e+003,4.396560e+003,-1.614847e+002
3.347000e+001,4.671624e+003,4.812182e+003,4.394662e+003,-1.405585e+002
3.348000e+001,4.750459e+003,4.794670e+003,4.392768e+003,-4.421087e+001
3.349000e+001,4.759331e+003,4.778361e+003,4.390877e+003,-1.903032e+001
3.350000e+001,4.799065e+003,4.763144e+003,4.388989e+003,3.592057e+001
3.351000e+001,4.711625e+003,4.748937e+003,4.387105e+003,-3.731209e+001
3.352000e+001,4.737510e+003,4.735680e+003,4.385224e+003,1.829940e+000
3.353000e+001,4.752252e+003,4.723331e+003,4.383347e+003,2.892101e+001
3.354000e+001,4.749227e+003,4.711859e+003,4.381473e+003,3.736769e+001
3.355000e+001,4.687296e+003,4.701239e+003,4.379602e+003,-1.394315e+001
3.356000e+001,4.792940e+003,4.691452e+003,4.377735e+003,1.014877e+002
3.357000e+001,4.743959e+003,4.682481e+003,4.375872e+003,6.147791e+001
3.358000e+001,4.686277e+003,4.674309e+003,4.374011e+003,1.196789e+001
3.359000e+001,4.747633e+003,4.666919e+003,4.372155e+003,8.071381e+001
3.360000e+001,4.691517e+003,4.660296e+003,4.370301e+003,3.122124e+001
3.361000e+001,4.726702e+003,4.654421e+003,4.368451e+003,7.228070e+001
3.362000e+001,4.724111e+003,4.649280e+003,4.366604e+003,7.483113e+001
3.363000e+001,4.735242e+003,4.644855e+003,4.364761e+003,9.038674e+001
3.364000e+001,4.662594e+003,4.641133e+003,4.362921e+003,2.146101e+001
3.365000e+001,4.651722e+003,4.638100e+003,4.361085e+003,1.362180e+001
3.366000e+001,4.716348e+003,4.635747e+003,4.359252e+003,8.060046e+001
3.367000e+001,4.675056e+003,4.634065e+003,4.357422e+003,4.099036e+001
3.368000e+001,4.654145e+003,4.633050e+003,4.355596e+003,2.109485e+001
3.369000e+001,4.751007e+003,4.632698e+003,4.353774e+003,1.183090e+002
3.370000e+001,4.663206e+003,4.633013e+003,4.351954e+003,3.019334e+001
3.371000e+001,4.799039e+003,4.633998e+003,4.350138e+003,1.650411e+002
3.372000e+001,4.725248e+003,4.635663e+003,4.348326e+003,8.958547e+001
3.373000e+001,4.744201e+003,4.638018e+003,4.346517e+003,1.061823e+002
3.374000e+001,4.682082e+003,4.641081e+003,4.344711e+003,4.100091e+001
3.375000e+001,4.692839e+003,4.644870e+003,4.342909e+003,4.796938e+001
3.376000e+001,4.730212e+003,4.649406e+003,4.341110e+003,8.080666e+001
3.377000e+001,4.640953e+003,4.654715e+003,4.339314e+003,-1.376216e+001
3.378000e+001,4.694844e+003,4.660824e+003,4.337522e+003,3.401993e+001
3.379000e+001,4.726523e+003,4.667764e+003,4.335734e+003,5.875861e+001
3.380000e+001,4.709267e+003,4.675567e+003,4.333948e+003,3.370029e+001
3.381000e+001,4.725617e+003,4.684265e+003,4.332167e+003,4.135181e+001
3.382000e+001,4.714152e+003,4.693895e+003,4.330388e+003,2.025705e+001
3.383000e+001,4.778560e+003,4.704491e+003,4.328613e+003,7.406911e+001
3.384000e+001,4.645501e+003,4.716090e+003,4.326842e+003,-7.058997e+001
3.385000e+001,4.734778e+003,4.728731e+003,4.325074e+003,6.046834e+000
3.386000e+001,4.641637e+003,4.742452e+003,4.323309e+003,-1.008144e+002
3.387000e+001,4.865243e+003,4.757294e+003,4.321548e+003,1.079491e+002
3.388000e+001,4.874314e+003,4.773304e+003,4.319790e+003,1.010098e+002
3.389000e+001,4.798092e+003,4.790534e+003,4.318035e+003,7.558385e+000
3.390000e+001,4.802720e+003,4.809045e+003,4.316284e+003,-6.325075e+000
3.391000e+001,4.830695e+003,4.828914e+003,4.314536e+003,1.780643e+000
3.392000e+001,4.841587e+003,4.850236e+003,4.312792e+003,-8.648957e+000
3.393000e+001,4.790217e+003,4.873131e+003,4.311051e+003,-8.291419e+001
3.394000e+001,4.810394e+003,4.897755e+003,4.309314e+003,-8.736134e+001
3.395000e+001,4.821209e+003,4.924303e+003,4.307580e+003,-1.030934e+002
3.396000e+001,4.921410e+003,4.953019e+003,4.305849e+003,-3.160945e+001
3.397000e+001,4.951622e+003,4.984206e+003,4.304122e+003,-3.258433e+001
3.398000e+001,5.114037e+003,5.018228e+003,4.302398e+003,9.580850e+001
3.399000e+001,5.074758e+003,5.055516e+003,4.300678e+003,1.924168e+001
3.400000e+001,5.055564e+003,5.096563e+003,4.298961e+003,-4.099949e+001
3.401000e+001,5.028236e+003,5.141916e+003,4.297247e+003,-1.136805e+002
3.402000e+001,5.100519e+003,5.192151e+003,4.295537e+003,-9.163287e+001
3.403000e+001,5.176400e+003,5.247840e+003,4.293830e+003,-7.144047e+001
3.404000e+001,5.221041e+003,5.309493e+003,4.292127e+003,-8.845231e+001
3.405000e+001,5.464622e+003,5.377479e+003,4.290427e+003,8.714283e+001
3.406000e+001,5.528294e+003,5.451925e+003,4.288731e+003,7.636899e+001
3.407000e+001,5.540589e+003,5.532592e+003,4.287037e+003,7.997844e+000
3.408000e+001,5.697437e+003,5.618729e+003,4.285348e+003,7.870798e+001
3.409000e+001,5.781792e+003,5.708950e+003,4.283661e+003,7.284113e+001
3.410000e+001,5.853606e+003,5.801136e+003,4.281979e+003,5.247032e+001
3.411000e+001,5.927266e+003,5.892425e+003,4.280299e+003,3.484029e+001
3.412000e+001,6.109196e+003,5.979337e+003,4.278623e+003,1.298585e+002
3.413000e+001,6.019730e+003,6.058053e+003,4.276951e+003,-3.832311e+001
3.414000e+001,6.074323e+003,6.124847e+003,4.275281e+003,-5.052351e+001
3.415000e+001,6.161065e+003,6.176592e+003,4.273616e+003,-1.552741e+001
3.416000e+001,6.229616e+003,6.202921e+003,4.271953e+003,2.669445e+001
3.417000e+001,6.107469e+003,6.130617e+003,4.270294e+003,-2.314787e+001
3.418000e+001,5.986499e+003,5.986143e+003,4.268639e+003,3.552272e-001
3.419000e+001,5.907509e+003,5.827800e+003,4.266986e+003,7.970913e+001
3.420000e+001,5.492599e+003,5.689965e+003,4.265338e+003,-1.973669e+002
3.421000e+001,5.637947e+003,5.581385e+003,4.263692e+003,5.656251e+001
3.422000e+001,5.578156e+003,5.497236e+003,4.262051e+003,8.092027e+001
3.423000e+001,5.379905e+003,5.428899e+003,4.260412e+003,-4.899346e+001
3.424000e+001,5.389662e+003,5.368658e+003,4.258777e+003,2.100459e+001
3.425000e+001,5.289976e+003,5.299537e+003,4.257145e+003,-9.561214e+000
3.426000e+001,5.097705e+003,5.187330e+003,4.255517e+003,-8.962529e+001
3.427000e+001,5.168284e+003,5.054615e+003,4.253892e+003,1.136689e+002
3.428000e+001,4.982302e+003,4.927444e+003,4.252271e+003,5.485821e+001
3.429000e+001,4.926240e+003,4.818887e+003,4.250653e+003,1.073525e+002
3.430000e+001,4.772547e+003,4.730994e+003,4.249038e+003,4.155292e+001
3.431000e+001,4.605484e+003,4.660771e+003,4.247427e+003,-5.528742e+001
3.432000e+001,4.573874e+003,4.604171e+003,4.245819e+003,-3.029737e+001
3.433000e+001,4.611719e+003,4.557747e+003,4.244215e+003,5.397208e+001
3.434000e+001,4.465304e+003,4.519000e+003,4.242614e+003,-5.369586e+001
3.435000e+001,4.510366e+003,4.486223e+003,4.241016e+003,2.414316e+001
3.436000e+001,4.496555e+003,4.458245e+003,4.239422e+003,3.830975e+001
3.437000e+001,4.559423e+003,4.434214e+003,4.237831e+003,1.252094e+002
3.438000e+001,4.527332e+003,4.413466e+003,4.236244e+003,1.138665e+002
3.439000e+001,4.396664e+003,4.395458e+003,4.234660e+003,1.206547e+000
3.440000e+001,4.394825e+003,4.379735e+003,4.233080e+003,1.509047e+001
3.441000e+001,4.342575e+003,4.365916e+003,4.231503e+003,-2.334158e+001
3.442000e+001,4.329374e+003,4.353686e+003,4.229929e+003,-2.431179e+001
3.443000e+001,4.385422e+003,4.342785e+003,4.228359e+003,4.263730e+001
3.444000e+001,4.360650e+003,4.333001e+003,4.226792e+003,2.764974e+001
3.445000e+001,4.275689e+003,4.324160e+003,4.225228e+003,-4.847161e+001
3.446000e+001,4.340734e+003,4.316122e+003,4.223668e+003,2.461165e+001
3.447000e+001,4.277527e+003,4.308771e+003,4.222112e+003,-3.124439e+001
3.448000e+001,4.382071e+003,4.302012e+003,4.220558e+003,8.005961e+001
3.449000e+001,4.250522e+003,4.295764e+003,4.219009e+003,-4.524211e+001
3.450000e+001,4.315501e+003,4.289962e+003,4.217462e+003,2.553821e+001
3.451000e+001,4.276469e+003,4.284551e+003,4.215919e+003,-8.081304e+000
3.452000e+001,4.301439e+003,4.279482e+003,4.214380e+003,2.195737e+001
3.453000e+001,4.289613e+003,4.274716e+003,4.212844e+003,1.489770e+001
3.454000e+001,4.243822e+003,4.270218e+003,4.211311e+003,-2.639586e+001
3.455000e+001,4.178955e+003,4.265960e+003,4.209782e+003,-8.700526e+001
3.456000e+001,4.254379e+003,4.261915e+003,4.208256e+003,-7.536421e+000
3.457000e+001,4.293445e+003,4.258063e+003,4.206733e+003,3.538279e+001
3.458000e+001,4.173281e+003,4.254382e+003,4.205214e+003,-8.110147e+001
3.459000e+001,4.234688e+003,4.250858e+003,4.203699e+003,-1.616985e+001
3.460000e+001,4.126364e+003,4.247475e+003,4.202186e+003,-1.211102e+002
3.461000e+001,4.130744e+003,4.244219e+003,4.200677e+003,-1.134757e+002
3.462000e+001,4.228182e+003,4.241081e+003,4.199172e+003,-1.289898e+001
3.463000e+001,4.223408e+003,4.238049e+003,4.197670e+003,-1.464118e+001
3.464000e+001,4.213538e+003,4.235115e+003,4.196171e+003,-2.157724e+001
3.465000e+001,4.185696e+003,4.232271e+003,4.194676e+003,-4.657464e+001
3.466000e+001,4.136007e+003,4.229509e+003,4.193184e+003,-9.350222e+001
3.467000e+001,4.235346e+003,4.226823e+003,4.191696e+003,8.522539e+000
3.468000e+001,4.281527e+003,4.224208e+003,4.190211e+003,5.731970e+001
3.469000e+001,4.205078e+003,4.221657e+003,4.188730e+003,-1.657904e+001
3.470000e+001,4.188684e+003,4.219167e+003,4.187251e+003,-3.048300e+001
3.471000e+001,4.221564e+003,4.216733e+003,4.185777e+003,4.830263e+000
3.472000e+001,4.222694e+003,4.214352e+003,4.184305e+003,8.342581e+000
3.473000e+001,4.144702e+003,4.212019e+003,4.182838e+003,-6.731735e+001
3.474000e+001,4.133653e+003,4.209732e+003,4.181373e+003,-7.607927e+001
3.475000e+001,4.156206e+003,4.207488e+003,4.179912e+003,-5.128226e+001
3.476000e+001,4.127361e+003,4.205284e+003,4.178454e+003,-7.792250e+001
3.477000e+001,4.065939e+003,4.203117e+003,4.177000e+003,-1.371789e+002
3.478000e+001,4.137168e+003,4.200987e+003,4.175549e+003,-6.381810e+001
3.479000e+001,4.179038e+003,4.198889e+003,4.174102e+003,-1.985113e+001
3.480000e+001,4.180752e+003,4.196823e+003,4.172658e+003,-1.607104e+001
3.481000e+001,4.135575e+003,4.194788e+003,4.171217e+003,-5.921283e+001
3.482000e+001,4.162360e+003,4.192780e+003,4.169780e+003,-3.042000e+001
3.483000e+001,4.184276e+003,4.190799e+003,4.168346e+003,-6.522678e+000
3.484000e+001,4.089817e+003,4.188844e+003,4.166916e+003,-9.902661e+001
3.485000e+001,4.164211e+003,4.186913e+003,4.165489e+003,-2.270115e+001
3.486000e+001,4.189086e+003,4.185004e+003,4.164065e+003,4.081482e+000
3.487000e+001,4.166672e+003,4.183118e+003,4.162645e+003,-1.644634e+001
3.488000e+001,4.145238e+003,4.181253e+003,4.161229e+003,-3.601520e+001
3.489000e+001,4.032447e+003,4.179408e+003,4.159815e+003,-1.469613e+002
3.490000e+001,4.087127e+003,4.177582e+003,4.158405e+003,-9.045498e+001
3.491000e+001,4.153411e+003,4.175774e+003,4.156999e+003,-2.236281e+001
3.492000e+001,4.270778e+003,4.173984e+003,4.155596e+003,9.679409e+001
3.493000e+001,4.215033e+003,4.172210e+003,4.154196e+003,4.282234e+001
3.494000e+001,4.133509e+003,4.170453e+003,4.152800e+003,-3.694440e+001
3.495000e+001,4.097504e+003,4.168712e+003,4.151407e+003,-7.120721e+001
3.496000e+001,4.151400e+003,4.166985e+003,4.150018e+003,-1.558460e+001
3.497000e+001,4.086612e+003,4.165273e+003,4.148632e+003,-7.866104e+001
3.498000e+001,4.123142e+003,4.163575e+003,4.147249e+003,-4.043250e+001
3.499000e+001,4.081878e+003,4.161890e+003,4.145870e+003,-8.001160e+001
3.500000e+001,4.108034e+003,4.160218e+003,4.144494e+003,-5.218379e+001
3.501000e+001,4.100355e+003,4.158559e+003,4.143122e+003,-5.820323e+001
3.502000e+001,4.134539e+003,4.156912e+003,4.141753e+003,-2.237254e+001
3.503000e+001,4.129491e+003,4.155276e+003,4.140387e+003,-2.578562e+001
3.504000e+001,4.124573e+003,4.153652e+003,4.139025e+003,-2.907922e+001
3.505000e+001,4.185869e+003,4.152040e+003,4.137666e+003,3.382950e+001
3.506000e+001,4.059464e+003,4.150438e+003,4.136311e+003,-9.097314e+001
3.507000e+001,4.147047e+003,4.148846e+003,4.134959e+003,-1.799039e+000
3.508000e+001,4.164172e+003,4.147265e+003,4.133611e+003,1.690740e+001
3.509000e+001,3.932621e+003,4.145693e+003,4.132266e+003,-2.130724e+002
3.510000e+001,4.140459e+003,4.144131e+003,4.130924e+003,-3.672069e+000
3.511000e+001,4.132733e+003,4.142579e+003,4.129586e+003,-9.845168e+000
3.512000e+001,4.126988e+003,4.141035e+003,4.128251e+003,-1.404743e+001
3.513000e+001,4.105749e+003,4.139501e+003,4.126920e+003,-3.375234e+001
3.514000e+001,4.170791e+003,4.137975e+003,4.125592e+003,3.281532e+001
3.515000e+001,4.177417e+003,4.136458e+003,4.124267e+003,4.095894e+001
3.516000e+001,4.075398e+003,4.134949e+003,4.122946e+003,-5.955178e+001
3.517000e+001,4.207013e+003,4.133449e+003,4.121628e+003,7.356453e+001
3.518000e+001,4.127831e+003,4.131956e+003,4.120314e+003,-4.124951e+000
3.519000e+001,4.024642e+003,4.130471e+003,4.119003e+003,-1.058297e+002
3.520000e+001,4.112609e+003,4.128994e+003,4.117695e+003,-1.638525e+001
3.521000e+001,4.168741e+003,4.127525e+003,4.116391e+003,4.121663e+001
3.522000e+001,4.093159e+003,4.126062e+003,4.115090e+003,-3.290367e+001
3.523000e+001,4.109295e+003,4.124607e+003,4.113793e+003,-1.531251e+001
3.524000e+001,4.151898e+003,4.123160e+003,4.112499e+003,2.873882e+001
3.525000e+001,4.206973e+003,4.121719e+003,4.111209e+003,8.525396e+001
3.526000e+001,4.226041e+003,4.120285e+003,4.109922e+003,1.057562e+002
3.527000e+001,4.085041e+003,4.118858e+003,4.108638e+003,-3.381657e+001
3.528000e+001,4.044053e+003,4.117437e+003,4.107358e+003,-7.338383e+001
3.529000e+001,4.062023e+003,4.116023e+003,4.106081e+003,-5.399963e+001
3.530000e+001,4.122930e+003,4.114615e+003,4.104808e+003,8.314220e+000
3.531000e+001,4.116512e+003,4.113214e+003,4.103538e+003,3.297914e+000
3.532000e+001,4.066612e+003,4.111819e+003,4.102271e+003,-4.520706e+001
3.533000e+001,4.092870e+003,4.110431e+003,4.101008e+003,-1.756100e+001
3.534000e+001,4.156972e+003,4.109048e+003,4.099748e+003,4.792427e+001
3.535000e+001,4.178661e+003,4.107671e+003,4.098492e+003,7.098982e+001
3.536000e+001,4.159697e+003,4.106301e+003,4.097239e+003,5.339624e+001
3.537000e+001,4.083736e+003,4.104936e+003,4.095989e+003,-2.119939e+001
3.538000e+001,4.206693e+003,4.103577e+003,4.094743e+003,1.031163e+002
3.539000e+001,4.218613e+003,4.102223e+003,4.093500e+003,1.163896e+002
3.540000e+001,4.194678e+003,4.100876e+003,4.092261e+003,9.380268e+001
3.541000e+001,4.225004e+003,4.099533e+003,4.091025e+003,1.254710e+002
3.542000e+001,4.274094e+003,4.098197e+003,4.089793e+003,1.758970e+002
3.543000e+001,4.167904e+003,4.096866e+003,4.088564e+003,7.103816e+001
3.544000e+001,4.249595e+003,4.095540e+003,4.087338e+003,1.540548e+002
3.545000e+001,4.093878e+003,4.094220e+003,4.086116e+003,-3.416223e-001
3.546000e+001,4.097476e+003,4.092904e+003,4.084897e+003,4.571663e+000
3.547000e+001,4.175870e+003,4.091595e+003,4.083682e+003,8.427550e+001
3.548000e+001,4.213696e+003,4.090290e+003,4.082470e+003,1.234063e+002
3.549000e+001,4.142106e+003,4.088990e+003,4.081261e+003,5.311553e+001
3.550000e+001,4.166178e+003,4.087696e+003,4.080056e+003,7.848161e+001
3.551000e+001,4.101491e+003,4.086407e+003,4.078854e+003,1.508393e+001
3.552000e+001,4.186266e+003,4.085122e+003,4.077656e+003,1.011436e+002
3.553000e+001,4.169845e+003,4.083843e+003,4.076461e+003,8.600157e+001
3.554000e+001,4.190221e+003,4.082569e+003,4.075269e+003,1.076520e+002
3.555000e+001,4.104258e+003,4.081299e+003,4.074081e+003,2.295906e+001
3.556000e+001,4.125088e+003,4.080035e+003,4.072897e+003,4.505330e+001
3.557000e+001,4.054210e+003,4.078775e+003,4.071715e+003,-2.456458e+001
3.558000e+001,4.055174e+003,4.077520e+003,4.070537e+003,-2.234546e+001
3.559000e+001,4.203362e+003,4.076269e+003,4.069363e+003,1.270928e+002
3.560000e+001,4.080469e+003,4.075024e+003,4.068192e+003,5.445065e+000
3.561000e+001,4.207526e+003,4.073783e+003,4.067024e+003,1.337428e+002
3.562000e+001,4.188065e+003,4.072547e+003,4.065860e+003,1.155185e+002
3.563000e+001,4.106107e+003,4.071315e+003,4.064699e+003,3.479160e+001
3.564000e+001,4.111871e+003,4.070088e+003,4.063542e+003,4.178277e+001
3.565000e+001,4.184496e+003,4.068866e+003,4.062388e+003,1.156297e+002
3.566000e+001,4.172597e+003,4.067648e+003,4.061237e+003,1.049491e+002
3.567000e+001,4.134679e+003,4.066435e+003,4.060090e+003,6.824446e+001
3.568000e+001,4.128012e+003,4.065226e+003,4.058946e+003,6.278630e+001
3.569000e+001,4.108886e+003,4.064022e+003,4.057806e+003,4.486417e+001
3.570000e+001,4.231115e+003,4.062822e+003,4.056669e+003,1.682931e+002
3.571000e+001,4.156052e+003,4.061626e+003,4.055536e+003,9.442611e+001
3.572000e+001,4.111495e+003,4.060435e+003,4.054406e+003,5.105962e+001
3.573000e+001,4.083574e+003,4.059248e+003,4.053279e+003,2.432525e+001
3.574000e+001,3.934791e+003,4.058066e+003,4.052156e+003,-1.232754e+002
3.575000e+001,4.242143e+003,4.056888e+003,4.051036e+003,1.852548e+002
3.576000e+001,4.163135e+003,4.055714e+003,4.049919e+003,1.074212e+002
3.577000e+001,4.062369e+003,4.054545e+003,4.048806e+003,7.824419e+000
3.578000e+001,4.065097e+003,4.053380e+003,4.047697e+003,1.171767e+001
3.579000e+001,4.049322e+003,4.052219e+003,4.046590e+003,-2.897129e+000
3.580000e+001,4.026966e+003,4.051062e+003,4.045488e+003,-2.409637e+001
3.581000e+001,3.987028e+003,4.049910e+003,4.044388e+003,-6.288144e+001
3.582000e+001,4.053143e+003,4.048761e+003,4.043292e+003,4.381993e+000
3.583000e+001,4.026628e+003,4.047617e+003,4.042200e+003,-2.098907e+001
3.584000e+001,4.104201e+003,4.046477e+003,4.041110e+003,5.772380e+001
3.585000e+001,3.973860e+003,4.045342e+003,4.040025e+003,-7.148179e+001
3.586000e+001,4.028441e+003,4.044210e+003,4.038942e+003,-1.576922e+001
3.587000e+001,4.042572e+003,4.043083e+003,4.037864e+003,-5.108741e-001
3.588000e+001,4.011269e+003,4.041959e+003,4.036788e+003,-3.068984e+001
3.589000e+001,4.022594e+003,4.040840e+003,4.035716e+003,-1.824591e+001
3.590000e+001,3.971870e+003,4.039725e+003,4.034647e+003,-6.785487e+001
3.591000e+001,3.927411e+003,4.038614e+003,4.033582e+003,-1.112025e+002
3.592000e+001,3.848113e+003,4.037507e+003,4.032520e+003,-1.893936e+002
3.593000e+001,4.042655e+003,4.036404e+003,4.031462e+003,6.250898e+000
3.594000e+001,3.954753e+003,4.035305e+003,4.030407e+003,-8.055226e+001
3.595000e+001,4.014985e+003,4.034210e+003,4.029355e+003,-1.922515e+001
3.596000e+001,3.982777e+003,4.033119e+003,4.028307e+003,-5.034204e+001
3.597000e+001,3.969420e+003,4.032032e+003,4.027262e+003,-6.261253e+001
3.598000e+001,3.942610e+003,4.030949e+003,4.026221e+003,-8.833921e+001
3.599000e+001,4.056800e+003,4.029870e+003,4.025183e+003,2.692993e+001
3.600000e+001,3.888874e+003,4.028795e+003,4.024148e+003,-1.399214e+002
